0.0 0.9923884725827985 0.46888731475915113 0.015223054834402916 0.06102340308119123
0.0 0.9661299198114246 0.564227463281078 0.030791242979532285 0.02794135211553126
0.0 0.971869344176336 0.5180266286279018 0.038348132508556176 0.042662945746169356
0.0 0.9210206983300772 0.5137215121227217 0.034287817226540084 0.050774684647005144
0.0 0.8810687369078474 0.5342189785988282 0.03357338988453584 0.04226224747789118
0.0 0.8613247656411225 0.5758801998470322 0.0276081037388785 0.027674248695232162
0.0 0.819549271824658 0.5650987667921046 0.026492803217071526 0.03321558659816955
0.0 0.8040468158958779 0.49496350841536235 0.044551543134658186 0.06008844894702579
0.0 0.7688634387974844 0.5436352910966512 0.022194367996413788 0.038489875201187206
0.0 0.7599032199289646 0.5801053582513178 0.02283341955733107 0.027273528461854556
0.0 0.7173380534997646 0.5408156971643697 0.032458093904531714 0.04780363950120794
0.0 0.6811645391129487 0.5681397265550076 0.024901265088882418 0.03308205096565988
0.0 0.6574477840786201 0.5815598477041346 0.01718156160532276 0.035251677609801656
0.0 0.6417448892890368 0.5185850074008378 0.03388681807818461 0.0648283954084972
0.0 0.596335380832105 0.5695437286091358 0.02903683018343317 0.044699031662711164
0.0 0.5727000305041428 0.5743846498679843 0.019249344152598092 0.04106016795832712
0.0 0.5237309584164664 0.5256313492154702 0.03930061680492578 0.054012801057821934
0.0 0.4992341805285269 0.5584047079371762 0.028203404720933366 0.034767887969873
0.0 0.4483793763820838 0.5826746059054562 0.022075304620740255 0.03707110946199359
0.0 0.41919545036881256 0.578694459514251 0.03150560960816211 0.03645378418955527
0.0 0.36421730665812585 0.5347316062519916 0.03269621157227167 0.0506410627388366
0.0 0.39324803925474916 0.6037315799856143 0.023071541766874225 0.03011100581986259
0.0 0.3104490397503644 0.6006790329462316 0.028798710244791526 0.04186158136489269
0.0 0.33488628708591817 0.5671963048850235 0.028560646477721007 0.03902408204178531
0.0 0.24810224679148493 0.5930526680682995 0.033811512094078955 0.04509972483589912
0.0 0.1726342412723385 0.5436657076054013 0.04861185841667428 0.051976710046189825
0.0 0.07540785419139327 0.5596829872405424 0.03512123814723633 0.060705774219464284
