0.0 0.08285830510947002 0.42239582530659237 0.1016552423146061 0.12752178429041044
0.0 0.16010919178588698 0.6407015702189056 0.10637432293771361 0.16816421740526694
0.0 0.37802012960859643 0.669779854087642 0.1158291920743327 0.1533039014473065
0.0 0.3031203752695514 0.37431394545835944 0.08653499567775835 0.13774479271935675
0.0 0.4601848055106344 0.40824515741191 0.10264388027034758 0.1482718044334958
0.0 0.15586577103158594 0.2932131707661826 0.09209894102737395 0.12501710019927376
0.0 0.39939118202301316 0.33171805342062954 0.07653511936871955 0.1335476509847723
0.0 0.5767954250086088 0.45689605826577334 0.09574913890445061 0.15592201523505073
0.0 0.7722266537840116 0.4873174518154172 0.09193846836867739 0.14704216889055832
0.0 0.7696496535380111 0.3672643269150653 0.09032455479993953 0.11824715685620593
0.0 0.8854978778367298 0.29543330498399456 0.13097058934710581 0.17145836295805225
