0.0 0.29352739060389965 0.7272971967712025 0.05866672232439951 0.0886235001273306
0.0 0.35178668845368977 0.6744066676777905 0.05500773096904883 0.06224558822444539
0.0 0.4814088295970874 0.6534388864545937 0.03884011749737661 0.057128461509618325
0.0 0.5987019779045093 0.6304472227374911 0.040450579369458416 0.05016564314565271
0.0 0.7070044385254051 0.6101963715049934 0.044500346941131676 0.06078805979886157
0.0 0.7953085763626 0.6001877138731346 0.03963748900097865 0.04430386318853037
0.0 0.9108817736310559 0.574447402354635 0.03540017485903775 0.05090229857734663
0.0 0.2611290775004719 0.6481475891246813 0.04531346862401105 0.06664984409975086
0.0 0.3041591770362052 0.6302295906069451 0.03014648284507917 0.05017353436455459
0.0 0.38989911195114507 0.6355130617619376 0.03307034580057069 0.04339290401315008
0.0 0.4171681534878607 0.6197813248908852 0.030036948346471616 0.04009763105943964
0.0 0.5493623608631738 0.5932290218961738 0.02548686230542465 0.035154750448682034
0.0 0.6112964300704282 0.5861315008508265 0.02589339496390446 0.03808563868973645
0.0 0.6926111472382431 0.5546878381403884 0.021030529269308394 0.021601386177295456
0.0 0.4944799381319661 0.5739565484710859 0.024267196929868895 0.026362131202588034
0.0 0.3328353929414644 0.6053408532521563 0.024267189175425585 0.02636207530047825
0.0 0.3586972616011998 0.5987661736357037 0.02467374688542523 0.029292967016546177
0.0 0.46370830610087105 0.5692631923692992 0.0229537630404959 0.026179883812903437
0.0 0.6704783763472619 0.5495429812239381 0.024267221981388774 0.026362134677601644
0.0 0.7464693028421582 0.5569255905392031 0.02286003508708525 0.03479037094854629
0.0 0.9367589510345858 0.5245550481778511 0.029427140710213705 0.03570132491140612
0.0 0.8802191985773694 0.5174615626963552 0.024673771936945244 0.029292970491559787
0.0 0.806886679585243 0.5485448133858897 0.03336739406348262 0.03624789589911659
0.0 0.7736366881013448 0.5404611473209215 0.027503856835986263 0.031122820325770916
0.0 0.7241722364661456 0.536120308546123 0.025987130671758597 0.029475207456203467
0.0 0.5885380614009736 0.5571752110838479 0.018403676999449024 0.02123700320214601
0.0 0.621381474000574 0.5623280168588168 0.01679321512736722 0.02819982156611154
0.0 0.37824216359229035 0.5900804343087078 0.015073239036881337 0.025086794264578847
0.0 0.8142353453954602 0.5146653998752169 0.023860606413906103 0.0234311801093968
