0.0 0.8552076811000969 0.7255463770787886 0.047075349326611796 0.08035550428755985
0.0 0.7860352648660297 0.6750978891033171 0.03491517090135741 0.05583606743930769
0.0 0.6613167491384014 0.6853699945175045 0.03226645336585161 0.05413679571403281
0.0 0.5450207557174028 0.690432988256563 0.026838613726419512 0.04926136515666783
0.0 0.44596115724586183 0.6895083481871651 0.034523835061231536 0.051405507126980596
0.0 0.3678954504241368 0.6964038279697138 0.03625934923694261 0.042766815791260626
0.0 0.2691619784768257 0.699171359936228 0.02366810277433471 0.041654585431999
0.0 0.1609424966871195 0.7094744765735901 0.028574170957647294 0.04062262172591051
0.0 0.10462791715803865 0.7040300537965838 0.024320355822794647 0.04903892950382298
0.0 0.8636840946447768 0.6347506805089544 0.04060390954536537 0.06366522425015093
0.0 0.8208937266175618 0.6243906967109276 0.033871573953372015 0.04402127413946797
0.0 0.7397255916267704 0.6464440119678475 0.025057701310543835 0.04324275200614016
0.0 0.23118690461214514 0.6571300867321497 0.02275495945425825 0.03131662767426313
0.0 0.7108735003223471 0.6430389789629072 0.02605593003822406 0.040400243471362084
0.0 0.6505603289405352 0.6066917333171601 0.02023672556652052 0.031094194142721764
0.0 0.5816771554975693 0.6097993843911172 0.015937567254963626 0.02485314640000107
0.0 0.6241187195041517 0.6090273273556394 0.020497625790653194 0.034047920503922316
0.0 0.7612781699866866 0.610307560528127 0.020236737574464137 0.031094195203373597
0.0 0.7852667508215287 0.608932847552041 0.01732713285048364 0.02644114237023114
0.0 0.7385912468252431 0.6048695491629554 0.016198450494894524 0.027806815362905545
0.0 0.49911945044885686 0.6304870534983703 0.01745757241502126 0.0279180884663206
0.0 0.5184430302071721 0.648129175302527 0.026316837294042016 0.04335391455557005
0.0 0.5780784464594102 0.6480709354312723 0.022885436070340593 0.032793521144989325
0.0 0.4654690839809075 0.6230407193916261 0.019975849358275434 0.028140469902824705
0.0 0.3626774658465207 0.6373295260962772 0.019845401734338262 0.026663634891046506
0.0 0.3411220629978148 0.6518847332685367 0.028313275709772823 0.03766895170235429
0.0 0.26672312801107967 0.6428283508924508 0.02210275941383073 0.023932344182690725
0.0 0.3240331478028817 0.6236265820324174 0.018716701366833722 0.028029306292742983
0.0 0.4419597493964417 0.6370243086894598 0.026010574853575986 0.02574288689007691
0.0 0.39420093675498735 0.6494288843370155 0.023146355334102343 0.03574719328984903
