0.0 0.7093749940395355 0.06874999403953552 0.053124964237213135 0.040625035762786865
0.0 0.753125011920929 0.16874998807907104 0.0625 0.04062497615814209
0.0 0.675000011920929 0.109375 0.04062497615814209 0.02499997615814209
0.0 0.6781249940395355 0.015625 0.056250035762786865 0.02812504768371582
0.0 0.6187499761581421 0.03125 0.03125 0.02499997615814209
0.0 0.6312499940395355 0.13359373807907104 0.040625035762786865 0.02968752384185791
0.0 0.639843761920929 0.18125000596046448 0.03281247615814209 0.021874964237213135
0.0 0.6812500059604645 0.21718749403953552 0.043749988079071045 0.021874964237213135
0.0 0.6937499940395355 0.2562499940395355 0.056250035762786865 0.028124988079071045
0.0 0.6359374821186066 0.234375 0.028124988079071045 0.03125
0.0 0.6624999940395355 0.30937498807907104 0.040625035762786865 0.02499997615814209
0.0 0.6484375 0.33984375 0.03750002384185791 0.0234375
0.0 0.75 0.3343749940395355 0.05624997615814209 0.043749988079071045
0.0 0.753125011920929 0.453125 0.0625 0.03750002384185791
0.0 0.6781249940395355 0.38984376192092896 0.050000011920928955 0.0234375
0.0 0.6656250059604645 0.4156249761581421 0.043749988079071045 0.015625
0.0 0.703125 0.4781250059604645 0.03750002384185791 0.034375011920928955
0.0 0.65625 0.49296873807907104 0.03750002384185791 0.0234375
0.0 0.765625 0.609375 0.05624997615814209 0.02812504768371582
0.0 0.6937499940395355 0.5687499940395355 0.037499964237213135 0.025000035762786865
0.0 0.71875 0.6468749940395355 0.03437495231628418 0.021874964237213135
0.0 0.703125 0.7406249940395355 0.03437495231628418 0.025000035762786865
0.0 0.79296875 0.793749988079071 0.0546875 0.04062497615814209
0.0 0.801562488079071 0.9156250059604645 0.05624997615814209 0.037499964237213135
0.0 0.6812500059604645 0.6804687678813934 0.034375011920928955 0.026562511920928955
0.0 0.6624999940395355 0.60546875 0.034375011920928955 0.0234375
0.0 0.6781249940395355 0.5406250059604645 0.037499964237213135 0.018750011920928955
