0.0 0.9411602149196259 0.6267500055546655 0.055498630129240924 0.09316253671389277
0.0 0.7937574266898668 0.5760197728525314 0.043700738191701304 0.06809536760315212
0.0 0.6468760904823622 0.5905011277470876 0.03696769787824712 0.05555785166154079
0.0 0.5886705233255423 0.55181117894764 0.030268859445681428 0.05016633603689256
0.0 0.5337030119526822 0.5336820747032686 0.023544321300749526 0.03941520068322006
0.0 0.8473607934140407 0.5307197388544885 0.03364826103339027 0.059114852912316704
0.0 0.48675136820253384 0.5834804168419214 0.04036416858651437 0.06807936854286814
0.0 0.3316100209445403 0.5809499120171229 0.040398498073730506 0.07522543762010692
0.0 0.14968201304412349 0.5979431044435912 0.026983751924649524 0.06086937228992584
0.0 0.0023522851308116015 0.5971591194662598 0.004704570261623203 0.06806336978774077
0.0 0.742276365694701 0.5266427188629503 0.03024315989670674 0.044806750382849626
0.0 0.6771920967162947 0.5307970484280805 0.023544385103913257 0.039415235063358
0.0 0.40771373679935874 0.5402241642771026 0.03193711210160579 0.05017426726449363
0.0 0.05991622481717318 0.5305169923183741 0.033613995349337865 0.05196881821521586
0.0 0.016699458021731166 0.4972585564891282 0.026880954709100225 0.03943123412364198
0.0 0.3719828194692959 0.5114680362772486 0.02688089106932825 0.039431233818485276
0.0 0.5389134287265878 0.4908298479210206 0.02019068257500418 0.03582620161703289
0.0 0.6181738192227737 0.4876368069572997 0.01848810026847216 0.028672167237211797
0.0 0.09331605935524727 0.5235309305763095 0.026889457531189275 0.04121775101150593
0.0 0.23680942743148597 0.5197526286671206 0.02020781549872628 0.039399236003074024
0.0 0.14680374743289026 0.5023487933440123 0.013491844142438758 0.03043468599238457
0.0 0.3470100416612179 0.5006289406247302 0.016836980046095063 0.032237168170707785
0.0 0.45049468428957484 0.4904058574643651 0.023475789932644542 0.025123131289018285
0.0 0.4502890899401722 0.5332821167594421 0.023492922692974982 0.028696131600078178
0.0 0.5021684901047434 0.4995863938734189 0.02019061877184054 0.035826167236894954
0.0 0.27350296769064336 0.5217151006853923 0.026966555361155376 0.0572963375987281
0.0 0.16766151114652433 0.5015555284928312 0.028566340452138173 0.04301223381226551
0.0 0.640507091262504 0.5270480249892286 0.026880891069328162 0.039431233818485546
