0.0 0.6953125 0.01718750037252903 0.1468750238418579 0.03437500074505806
0.0 0.78515625 0.02187499962747097 0.14531254768371582 0.04374999925494194
0.0 0.723437488079071 0.12656250223517418 0.1468750238418579 0.13125000149011612
0.0 0.5250000059604645 0.4789062440395355 0.24687498807907104 0.21406251192092896
0.0 0.2875000089406967 0.49921876192092896 0.10312500596046448 0.07656252384185791
0.0 0.21250000596046448 0.4984374940395355 0.0625 0.053124964237213135
0.0 0.1328125 0.40156249701976776 0.046875 0.04062500596046448
0.0 0.22578124701976776 0.39374999701976776 0.04531249403953552 0.03437498211860657
0.0 0.8070312440395355 0.10000000335276127 0.14531248807907104 0.13125000521540642
0.0 0.964062511920929 0.08046874683350325 0.06875002384185791 0.13281249441206455
