0.0 0.047231173111745725 0.3362679008509257 0.058017243908876484 0.0943638871647527
0.0 0.13039908083018237 0.3918759194449721 0.04289136295061598 0.06566018972129957
0.0 0.276664013151161 0.37495992837152575 0.039731480723497546 0.06359702523019947
0.0 0.4132157987308992 0.36441302524623564 0.033204478767325976 0.05776640588789021
0.0 0.5297198436139924 0.36149153472426676 0.04226989152837248 0.06054747605033235
0.0 0.6212552289739988 0.35036403789719783 0.043979544992910305 0.05068098100470144
0.0 0.7372413288036921 0.34318190360286405 0.0292157670742494 0.04888615866103323
0.0 0.8641061980889067 0.32689487718971116 0.03491412432870966 0.04789984583049063
0.0 0.9305169850797075 0.3309276410798415 0.03025165718104894 0.05740744620576312
0.0 0.04057242827927397 0.4417078670828102 0.049832832007502756 0.07489932477205893
0.0 0.09126103583414207 0.45197550507181267 0.04123401722788086 0.05202631852913973
0.0 0.18589198192421585 0.4231773974280107 0.03089936695316333 0.05076998702751876
0.0 0.7834223989710312 0.39031550188615405 0.027765538311668704 0.03695649912430232
0.0 0.2199391694317078 0.42595616495642863 0.03196136696489975 0.047540958006588155
0.0 0.2921770772128512 0.46559862265099417 0.024812773044704528 0.03659754628863112
0.0 0.37305395741208264 0.45922566675573184 0.019554952282890968 0.029242181439044578
0.0 0.32318099592577026 0.4618295990634751 0.02522718382610667 0.040006055150625296
0.0 0.1618676756862536 0.46587478624377443 0.024812773044704507 0.03659754628863112
0.0 0.1337129316489878 0.4684327152387957 0.021238472133029894 0.031125807923768355
0.0 0.18874015936861355 0.47125521595179565 0.019969355161139023 0.032650625289270166
0.0 0.46936843520702637 0.4319523371250913 0.02144571753811846 0.032830163295646295
0.0 0.4460058948764797 0.4123097951926473 0.032375713523834816 0.0509493950103578
0.0 0.37589105015844354 0.41478032625350136 0.027972775813603155 0.03866078948441158
0.0 0.5092044755934337 0.439215659420122 0.02439847490192859 0.03318905111954891
0.0 0.6295422866031637 0.41853381816088825 0.02419130162246095 0.031484832617663994
0.0 0.6543560608307007 0.400817171525549 0.03449977776977464 0.04449140882672098
0.0 0.7421612948634605 0.40830213126345943 0.02672971242733597 0.028435283437796867
0.0 0.6754779195311851 0.43283809141035523 0.022922072011944027 0.03300963629025393
0.0 0.5363364284423329 0.42208193820324214 0.03136601335074696 0.030677992781729023
0.0 0.5920374797905869 0.4057987900068792 0.028387122372538265 0.04206922648818123
