0.0 0.025258995304496885 0.49116903260980854 0.03876720324297121 0.04662465435694001
0.0 0.1166099898763115 0.5768206054893491 0.062198829049302254 0.06624295414685247
0.0 0.1164102910825878 0.518650773504271 0.035098233621379274 0.038899549869910025
0.0 0.20450607751427116 0.5616142300937007 0.05109354411527398 0.062011849889184935
0.0 0.2488779959917493 0.5560581065349408 0.03199061381320356 0.046224572336289516
0.0 0.16943669607791015 0.494413527313159 0.03858200979374353 0.03302692920844343
0.0 0.27653992776689046 0.5229270026646249 0.03180541318938994 0.03262681948553263
0.0 0.32039972574714676 0.5451349274451264 0.032557752850163754 0.03553160422643771
0.0 0.3162736407018727 0.6200073247821822 0.0513770651775999 0.0566653015963988
0.0 0.3604979843135935 0.5818668469891664 0.029733682802657625 0.037510189209072474
0.0 0.3766784505624407 0.5488618121569916 0.034629463479085576 0.030648281074079
0.0 0.4121210731104344 0.5998860912098867 0.04883659875555626 0.053297411357447186
0.0 0.48765615065215934 0.6581942824969544 0.06436313910715734 0.06815844258089117
0.0 0.6210179225292488 0.6958331544255174 0.05570581631260065 0.06049641577353641
0.0 0.5487727905655516 0.6174545119641901 0.04262716271192053 0.04220441663146577
0.0 0.46157399982055053 0.589446634463187 0.03839101994638616 0.04517227142094775
0.0 0.5790301633165872 0.622191214673441 0.02803806032395979 0.04384589649966486
0.0 0.7220852425560376 0.6592409630536672 0.040838940804289514 0.041741312335660564
0.0 0.7593565086478364 0.6774178107356963 0.04780072368328483 0.05573911950480755
0.0 0.8081034573339977 0.6660205726352567 0.036510230950857016 0.03791023469412291
0.0 0.817718619451448 0.7467765082118785 0.057962740148560774 0.06921077119849314
0.0 0.8617578207744145 0.7240862438095924 0.0498724881769995 0.05085575861460745
0.0 0.9075851560332371 0.7018590572030925 0.042719708276060864 0.04900326595570448
0.0 0.980337640670039 0.7408229667005478 0.03932471865992202 0.06201184105584527
0.0 0.11757924643799952 0.48098300853615 0.03858200979374356 0.03302692920844343
0.0 0.1557996307922871 0.5397008831468326 0.0483678600159255 0.045046202382806655
0.0 0.650230758834827 0.6530299326454253 0.04337947544029781 0.04510922024129131
