0.0 0.04939324475738562 0.7285207590138765 0.07823594912330231 0.1985628284946932
0.0 0.14762300681228452 0.5798155443171694 0.0658555270521199 0.15686542805389392
0.0 0.20088151078660815 0.5671507940451942 0.0374903264929344 0.13225635026759175
0.0 0.3448167140276729 0.5741627866327164 0.052003905862220236 0.11152278420708424
0.0 0.40813307991181996 0.6885504459638236 0.07467078164274646 0.15193468714924005
0.0 0.45072747155222387 0.45455514239453426 0.05398655098829419 0.09911241460480377
0.0 0.45758717440424396 0.5805541400850173 0.05363755515189226 0.09194857550831052
0.0 0.5149915575484718 0.5761698634051535 0.04500883790599577 0.127262436814845
0.0 0.6307464992811693 0.4812771252526167 0.05216631488819754 0.08830350049191056
0.0 0.6069469140399579 0.6363011320030707 0.05677856880934815 0.15642316394641648
0.0 0.7226673546953248 0.7155423014881558 0.06767571368652199 0.16767433975700072
0.0 0.7997450342186339 0.6008132474585988 0.050195711684867916 0.1275151221876439
0.0 0.7527624162619012 0.4979925523343159 0.053812053902164966 0.0955305121364968
0.0 0.6932640531068308 0.5453599660727779 0.0510441182624561 0.09182223282191097
0.0 0.09782285869674051 0.49480969172666 0.041717407679612226 0.11280838177557947
0.0 0.16584312331557247 0.4325981595724098 0.05285231410395175 0.07582992900123058
