0.0 0.9554438233878371 0.17629537671902068 0.08911235322432595 0.04882416512527388
0.0 0.9980197535101507 0.20150766454788877 0.003960492979698671 0.03045182016510952
0.0 0.45883837685940243 0.5114851004933937 0.1920696594104911 0.15339274543638676
0.0 0.6971475845706426 0.17919653020489196 0.1150251434357605 0.11235776354592937
0.0 0.47684265786994073 0.4026616267953743 0.09398038311205123 0.06393255778730031
0.0 0.4293245370232257 0.3518247735224687 0.04642095335605863 0.040494157418239626
0.0 0.37429682350118376 0.3947029539864402 0.06518927816265174 0.053013562276444895
0.0 0.10682001957170947 0.42089903678723256 0.059303372388228894 0.052401784519083214
0.0 0.2496228888522662 0.32774694253749304 0.04467186581732681 0.03767018672176574
0.0 0.696509365758213 0.2425772344025232 0.03984098211325797 0.03320478489873553
0.0 0.2210958568191394 0.3875539152191163 0.05069664293622158 0.039617509644203165
