0.0 0.6898437440395355 0.021874994039535522 0.08906251192092896 0.040625035762786865
0.0 0.6421875059604645 0.08125001192092896 0.056250035762786865 0.04062497615814209
0.0 0.612500011920929 0.11875000596046448 0.046875 0.025000035762786865
0.0 0.5875000059604645 0.140625 0.037499964237213135 0.03125
0.0 0.561718761920929 0.21562498807907104 0.02968752384185791 0.02187502384185791
0.0 0.5648437440395355 0.2515625059604645 0.020312488079071045 0.018750011920928955
0.0 0.59375 0.32499998807907104 0.03437495231628418 0.02187502384185791
0.0 0.578125 0.39531248807907104 0.04062497615814209 0.02499997615814209
0.0 0.63671875 0.23984375596046448 0.05156254768371582 0.032812535762786865
0.0 0.6281249821186066 0.3843749761581421 0.050000011920928955 0.03125
0.0 0.6156249940395355 0.5023437440395355 0.050000011920928955 0.032812535762786865
0.0 0.6171875 0.578125 0.046875 0.02499997615814209
0.0 0.606249988079071 0.6968750059604645 0.04062497615814209 0.025000035762786865
0.0 0.6140625178813934 0.8187499940395355 0.028124988079071045 0.025000035762786865
0.0 0.5734374821186066 0.733593761920929 0.034375011920928955 0.0234375
0.0 0.574999988079071 0.06171873211860657 0.03125 0.026562511920928955
0.0 0.5750000178813934 0.02734375 0.034375011920928955 0.0234375
0.0 0.604687511920929 0.878125011920929 0.03750002384185791 0.02187502384185791
0.0 0.5867187678813934 0.6734374761581421 0.026562511920928955 0.015625
0.0 0.5562500059604645 0.675000011920929 0.025000035762786865 0.015625
0.0 0.5554687678813934 0.60546875 0.026562511920928955 0.02031254768371582
0.0 0.5617187321186066 0.30156248807907104 0.026562511920928955 0.02187502384185791
0.0 0.5828125178813934 0.5460937321186066 0.034375011920928955 0.020312488079071045
0.0 0.5648437440395355 0.3648437559604645 0.035937488079071045 0.017187535762786865
0.0 0.5625 0.08749997615814209 0.02499997615814209 0.015625
0.0 0.586718738079071 0.0062499940395355225 0.0390625 0.009375035762786865
0.0 0.5648437440395355 0.567187488079071 0.026562511920928955 0.02187502384185791
0.0 0.574999988079071 0.4625000059604645 0.02499997615814209 0.018750011920928955
0.0 0.577343761920929 0.48125001788139343 0.02968752384185791 0.018750011920928955
0.0 0.5640625059604645 0.52734375 0.025000035762786865 0.01406252384185791
