0.0 0.16618922558370958 0.6504275362035414 0.049389045465906986 0.06172540454239783
0.0 0.3552679594257901 0.6358639110205407 0.045850902697275944 0.061522210907761374
0.0 0.49964273059132225 0.6155315589724273 0.03513045274428208 0.05906621773556466
0.0 0.6056280759936565 0.6066661585119558 0.04167655782493167 0.050240750119271115
0.0 0.7396534584680154 0.5915593177172458 0.02816013824053405 0.06050623982786858
0.0 0.8709890029665276 0.5914266233184818 0.03106207890545214 0.04963116630865096
0.0 0.9408506206656717 0.5716686216180624 0.03159225936206482 0.05886302119421742
0.0 0.7790361939437513 0.5355762565414215 0.03375195264616719 0.035063442398708934
0.0 0.031812163229045044 0.6285053269964045 0.05292720088793466 0.06192859890371185
0.0 0.0834696371144276 0.616276363214354 0.0476199825171892 0.061623808209531464
0.0 0.28924854618123563 0.5989012589842526 0.030425863975499113 0.0385529686193566
0.0 0.272710144158281 0.5581706522899211 0.026357557621450887 0.029117921068057308
0.0 0.3843013210590702 0.5851063249124847 0.03470627504109665 0.05168073893265061
0.0 0.5644816986253376 0.5701275290536729 0.030425931460281143 0.03855297249497127
0.0 0.6313883533666989 0.5607277306358582 0.03396402563780363 0.038756198439628166
0.0 0.591991570089467 0.5546541976482324 0.023243577707287865 0.03630024048416321
0.0 0.21569243154534448 0.5697812178770355 0.028656815875498908 0.03845133803866237
0.0 0.7240888844737284 0.5368793656406223 0.026251552845545856 0.027271509768673586
0.0 0.025092936579866824 0.5733174267160434 0.03042589139119182 0.038552970193824976
0.0 0.004549391381571943 0.5823284365637871 0.009098782763143886 0.04553205942632026
0.0 0.4641411659716333 0.5536604908248608 0.019387306557528915 0.030557876602512746
0.0 0.19520310351064155 0.6302366790846441 0.024197883231021587 0.05291753604920117
