0.0 0.8597547496179704 0.9743709172479089 0.12258532845606104 0.05125816550418225
0.0 0.9154852086541805 0.9752328571060402 0.019999904214054887 0.03401913094085831
0.0 0.4328571230098845 0.44042648644840093 0.2424291154396347 0.1958407564147561
0.0 0.5672377610129082 0.8730133123406365 0.14844078460179136 0.13841670820992374
0.0 0.4101594212362988 0.5575884523826926 0.11685392344848014 0.08435625538000888
0.0 0.3374182432290366 0.5894904523559636 0.05913584601278208 0.050859833641686336
0.0 0.29310622254953395 0.5237601904419302 0.08243267953881066 0.06745021953150623
0.0 0.02202006615924664 0.3881418036478767 0.04404013231849328 0.06566492752020858
0.0 0.12831857153437956 0.5404328095597946 0.05670138442438351 0.04760488255180499
0.0 0.5913983318607163 0.8087959853444605 0.05050736820738573 0.04205293398641299
0.0 0.1200919192942493 0.46843747867996416 0.06385067320944289 0.050794534545948976
