0.0 0.8257812559604645 0.2710937559604645 0.06718748807907104 0.13593751192092896
0.0 0.6570312678813934 0.19687499850988388 0.07343751192092896 0.11874999105930328
0.0 0.48124998807907104 0.1875 0.05624997615814209 0.109375
0.0 0.34687501192092896 0.22187499701976776 0.078125 0.11562499403953552
0.0 0.23125001788139343 0.234375 0.059374988079071045 0.11250001192092896
0.0 0.7874999940395355 0.5515625029802322 0.056250035762786865 0.13124999403953552
0.0 0.5296875238418579 0.5343749970197678 0.078125 0.12812498211860657
0.0 0.26250001788139343 0.59375 0.06562501192092896 0.11562502384185791
0.0 0.01953125 0.5593750178813934 0.0390625 0.14375001192092896
0.0 0.6976562738418579 0.07187500153668225 0.0703125 0.13125000288709998
0.0 0.9109375178813934 0.29374999552965164 0.050000011920928955 0.11249999701976776
0.0 0.1578124761581421 0.5171875059604645 0.0625 0.11250001192092896
0.0 0.9562499821186066 0.2554687410593033 0.043749988079071045 0.10781249403953552
0.0 0.987500011920929 0.2562499940395355 0.02499997615814209 0.09375
