0.0 0.03783208535531247 0.10108023609235443 0.050893703380057706 0.08389440402383475
0.0 0.10075979980075134 0.15813191043071795 0.037500859864773285 0.06375958928206416
0.0 0.233325480522066 0.14975943779808548 0.02410884202900241 0.05033585163870504
0.0 0.3511604889547251 0.15145167261401635 0.029465009054927372 0.05033651062046305
0.0 0.4582824919441858 0.15901479793421952 0.02946521547086851 0.052014247894278706
0.0 0.5399648679157382 0.1497971323583996 0.03214226689625059 0.04362582701450499
0.0 0.6430708809431177 0.148132048432362 0.02142957108483836 0.04026897050806775
0.0 0.759567698831032 0.14311310540915856 0.018751849323563795 0.043624115558535514
0.0 0.8171458516630313 0.1464756959831952 0.02143039675647742 0.04697998360490478
0.0 0.015725600618254672 0.2017432902703268 0.02812800594925849 0.06711397461633566
0.0 0.14628335073453114 0.18833726269729759 0.029463770543531376 0.040269958974420206
0.0 0.179757822014802 0.20008570223821948 0.024107603509732067 0.04026923599108771
0.0 0.3739181360417645 0.20010959023582128 0.024107190677849655 0.03691376144345648
0.0 0.23532226450091703 0.24539214955759112 0.020089265268989555 0.030202190111868664
0.0 0.05924253713020296 0.21600963530962952 0.026787131965780385 0.052013982404974166
0.0 0.1194963996564062 0.23866682203051023 0.01875024905260545 0.03020202536957144
0.0 0.31567001118162197 0.20010245583355726 0.022767761621708793 0.03355805815195345
0.0 0.39400100232208407 0.22192296597546282 0.016072165539643014 0.030201695878692415
0.0 0.565400160135886 0.201810918017147 0.02410636500621033 0.0302027483466194
0.0 0.6885911036344947 0.20518158108629653 0.021428281485373547 0.030202354854165937
0.0 0.13690283377097892 0.24705781008481137 0.013393669186923663 0.026845827838607672
0.0 0.26545182760664093 0.23532927266900963 0.018749836212848692 0.026846486820365677
0.0 0.4288149281946557 0.23031606371340563 0.013394082026680465 0.030201366387813434
0.0 0.5118390038252626 0.19928769031319443 0.018750817235983507 0.03523536518788282
0.0 0.6390455244461957 0.21524210117779044 0.018750197972411266 0.03020202536328691
0.0 0.5781172774262154 0.23201223403145682 0.01473309824306428 0.030201531130110704
0.0 0.30696111760130285 0.24204542485326258 0.013394082026680465 0.030201366387813434
0.0 0.4576066625151972 0.21018647043019953 0.020088026749719122 0.020135574464251384
0.0 0.09137737293445461 0.2327912179320628 0.021429313580828346 0.03859116922639307
0.0 0.5359391762508701 0.21942382301219654 0.01874999155646977 0.02852428808947125
