0.0 0.7363879439623657 0.18850238684094306 0.07783444800255487 0.09524219691463139
0.0 0.6652635766192171 0.2505259788280182 0.07193451570499905 0.06891268409605171
0.0 0.5023517027153525 0.29010386852661296 0.05145260946374482 0.06154451093163642
0.0 0.3551290410254287 0.33000660098533474 0.053118139177750566 0.05497120810192611
0.0 0.2191439980843925 0.3658549601256837 0.05871692774561623 0.06595087191057339
0.0 0.10795518962877142 0.3884660107069145 0.051807065566140585 0.04912018673044538
0.0 0.7811784874054137 0.26449286157842555 0.060028040748651625 0.07180190210892956
0.0 0.7276260111676193 0.28878254766206474 0.04022833700431248 0.0534721286556719
0.0 0.6189421484193517 0.2954702312402896 0.04354603763924318 0.04726904617033334
0.0 0.5852160327984469 0.3153172331242954 0.0395860959653076 0.04360308067284837
0.0 0.4193208981808091 0.3609403202050433 0.03364619758450162 0.03810416209176717
0.0 0.3413399068733801 0.37687818408854434 0.03430171863373639 0.04102966924675737
0.0 0.24002429341737805 0.42031980453825246 0.027391843950635673 0.02419892826708674
0.0 0.4896564890583634 0.372831024217355 0.03167955240100131 0.029327675241838148
0.0 0.692562151618654 0.31814648767699405 0.03167953989737615 0.02932761944229556
0.0 0.6601737753004695 0.3284764938651586 0.03233509245975137 0.032253133658786126
0.0 0.5287975376944464 0.3732774576424296 0.030027337463310922 0.02895739203642318
0.0 0.2682621979918164 0.4224413094744883 0.031679583914141676 0.029327682303338598
0.0 0.17180590545807126 0.4256209370274345 0.030341824229511084 0.03736371434152295
0.0 0.01036696575533067 0.484602982662541 0.02073393151066134 0.03225314072028658
0.0 0.09580487710932506 0.4426513341440586 0.04355938067575367 0.04032551946550091
0.0 0.1382436984867091 0.44619929821955184 0.03596724834774197 0.03445636641704697
0.0 0.2010071637127321 0.443656687328647 0.033987244371161206 0.032623402741200194
0.0 0.37151780832325076 0.40314417386913537 0.02408743908250486 0.02345847345534202
0.0 0.32973456476956964 0.40252168904886093 0.022421909368499283 0.03003177628505247
0.0 0.635875852993197 0.3400660223739096 0.020114166875683726 0.02673609046223211
0.0 0.08814617140789287 0.47816391145621984 0.03102395582186084 0.02640209816430463
