0.0 0.3057175853736938 0.09835848551575829 0.0758688453508947 0.055277739558122166
0.0 0.4089678782120682 0.07837050105615515 0.03946512841437917 0.03554591093738877
0.0 0.4227197344807202 0.12219399620945266 0.0350593875313562 0.02961918740116083
0.0 0.36702498525521904 0.12477247254706506 0.053006132431441255 0.03816728246496537
0.0 0.36490541514719044 0.1682504389791505 0.06239658343421199 0.0361798124741435
0.0 0.39184997613083544 0.19858220995001166 0.052240772263006274 0.03421372418211512
0.0 0.44294273888127744 0.2085160557975812 0.03454918294735245 0.02698350488629735
0.0 0.4325219610257859 0.24539766683512734 0.04106453910341097 0.026976365153680782
0.0 0.34942133195545855 0.26968831767628515 0.07408302117781088 0.04605285401744137
0.0 0.40983575518184157 0.2914898744369369 0.04706975524406616 0.02433355540588611
0.0 0.45406481404770604 0.2931818757649185 0.03378380022657614 0.023029990625186337
0.0 0.4095363802970865 0.3352991026246867 0.05875619298766512 0.034206596949184
0.0 0.44443387227846676 0.3613568198138028 0.0408094578195386 0.025658552156961268
0.0 0.4619292111361052 0.3791619451125097 0.04291910537687409 0.019724695137959537
0.0 0.3874192372813234 0.40247312792380435 0.07906766672895804 0.03813864799070612
0.0 0.4511845937542119 0.4325129813486054 0.054860688972945756 0.03091556217766227
0.0 0.45839659053066734 0.4516252319195564 0.049944720953577625 0.022353200148309948
0.0 0.40291269842273536 0.5006486000738337 0.06654713644850352 0.040788653992541946
0.0 0.4436411688840168 0.5160069125816984 0.043012286244791295 0.028621857403650797
0.0 0.4757568211871613 0.5549082230864247 0.0453770893865582 0.024005876152635698
0.0 0.4727320986006924 0.5801038468160302 0.04521518897060304 0.031585225421607355
0.0 0.4233465437987117 0.6334155546035486 0.06214139556548028 0.03486193045631403
0.0 0.5042786944858467 0.5979232862269455 0.03716906737299173 0.023685336632001786
0.0 0.5055688561658804 0.6680857096414157 0.0514754541108303 0.030260222420689507
0.0 0.463994068917995 0.652891233635255 0.048090164412073214 0.0296049204356132
0.0 0.5001572256534622 0.721771577499484 0.05562603940942186 0.034869070188930526
0.0 0.4454975035316927 0.7931946359941348 0.0646925701750403 0.04804032400826337
0.0 0.47049669491778373 0.8724395529176426 0.07424492159376621 0.038473504748469625
