0.0 0.24231386068765381 0.9631906108437033 0.08444919170803171 0.05555661644338254
0.0 0.35406635140861153 0.8932651170262483 0.051535355884634135 0.03665635453147793
0.0 0.3152043727551962 0.8373081817876693 0.05370001189038507 0.04496235214963988
0.0 0.3778659753255994 0.8070704970564158 0.036882315719818856 0.034127879593508936
0.0 0.4176923619251635 0.75166304709729 0.027571561387732667 0.02524985514954938
0.0 0.3740477821707331 0.7550722152738286 0.04008306618781372 0.02851052355466157
0.0 0.33344321015556677 0.7186189170236256 0.053868856982989134 0.04113540454063243
0.0 0.4332438506007071 0.7150612428564289 0.02273578202863984 0.020118622001103148
0.0 0.38246125618094773 0.6715203487768925 0.045809234039869653 0.032583441961798965
0.0 0.410416704748942 0.6462821348567904 0.04080460614754973 0.031279143220351455
0.0 0.36480406752855926 0.5700864722482258 0.05261768474766537 0.040809356641061265
0.0 0.4243759650619017 0.5619580363419904 0.032936952378674264 0.02793843731982424
0.0 0.44602479574320186 0.6378218432564958 0.025069244000949543 0.024597692576816856
0.0 0.4196442694337413 0.5185918268629272 0.04330691665308652 0.03193127938906652
0.0 0.45332587231185945 0.49188919338528986 0.035799985136475955 0.0299748708829215
0.0 0.4726805496276182 0.4740188106174519 0.02899153442868041 0.021748956203659197
0.0 0.3914020266916799 0.4321395717620019 0.0558415420941845 0.04423013887948359
0.0 0.4560131988931964 0.4098017200418713 0.04653073315324887 0.03535207559304361
0.0 0.40971368547148723 0.3208610479749379 0.05514312277546529 0.05049971029909876
0.0 0.4604928187145486 0.3259638174102939 0.04333003729410336 0.04096947047437145
0.0 0.4998427639783792 0.32365296253798526 0.03296007301969119 0.036976628405129386
0.0 0.4809228904977618 0.2270642294515425 0.04402847037531519 0.03469995186279147
0.0 0.43120759140164633 0.14610348653664057 0.0554808198419197 0.04284584148510153
0.0 0.48889002077550503 0.26314272994149474 0.03329772235854236 0.029322747152669314
0.0 0.48096221952770846 0.12950311234497786 0.04224771359200687 0.036816488167801475
0.0 0.5203306543466896 0.1988972486456452 0.03401927608077093 0.0320914196263943
0.0 0.4598764872847297 0.5616006604381113 0.029544294226531244 0.028344601926863344
0.0 0.3892616384899808 0.7095122900663264 0.03490963748986973 0.031033171658675494
