0.0 0.874010048049311 0.637033773919182 0.056172098156040205 0.09014754430468548
0.0 0.8053751458907668 0.5986222094754027 0.053126169696260474 0.0628460692588451
0.0 0.6766227208854441 0.6099151625486995 0.03722240079015027 0.058076075561131105
0.0 0.559121251780319 0.6161138380633053 0.03897060448657239 0.050781760933138374
0.0 0.4508687896174705 0.6228163139001565 0.042749290903843294 0.061688376375278506
0.0 0.36421615643715316 0.634787090859772 0.03829373962234075 0.04471474198996352
0.0 0.24767335264870322 0.6378076052218435 0.0339513533384602 0.05171963753730084
0.0 0.8852877577781733 0.5497804384140375 0.043426205248936076 0.06775540083876849
0.0 0.8398322625263536 0.5425666572824627 0.028762889201821018 0.05114078833536011
0.0 0.7594116852559589 0.5691984899283958 0.031808134711111255 0.043991177727379774
0.0 0.7295215049652338 0.5602481405417807 0.02887551969153703 0.04066824917513721
0.0 0.5969340471022898 0.566594245875779 0.024476550908845505 0.035683879756148416
0.0 0.5361390571171436 0.5749124511328019 0.02481493386010012 0.0387173837074208
0.0 0.4508395169681301 0.563697888632975 0.02035937612353589 0.02174369146272497
0.0 0.6444754955321581 0.5336490187125911 0.02346121058669883 0.026583403680451666
0.0 0.8063325840664536 0.5248052591812788 0.023461204131636926 0.026583345821071004
0.0 0.7800519331403954 0.5246660136084558 0.023799636563752814 0.02961685529265843
0.0 0.672645200899999 0.521292504887311 0.02216411283790771 0.026438636280743298
0.0 0.47066261494637285 0.5530403924533546 0.02346126006755993 0.026583409200766718
0.0 0.40005497731579426 0.5793452498889368 0.021882318840525893 0.03539445515517805
0.0 0.21064845932401646 0.5943337892417113 0.028367874270894287 0.03611801389744631
0.0 0.26278640874247033 0.5731607627343581 0.02379968604461391 0.02961686081297348
0.0 0.34038786240831953 0.5860019908698381 0.03225919763294303 0.03655214803874447
0.0 0.37008021527123625 0.5696365348391124 0.026563088075661146 0.03142306355911284
0.0 0.41615564818570105 0.5529789394486668 0.025096734312543757 0.029761622692366797
0.0 0.550660473252733 0.5402763905705233 0.0177651440552161 0.0214542668617546
0.0 0.5206297159256621 0.5536083632991945 0.01601698983965516 0.028748587010062377
0.0 0.7592698315977637 0.5208420284224078 0.014381423088010959 0.025570420337212862
0.0 0.3249911237385925 0.5539359075851896 0.023122771699521216 0.023549836349483665
