0.0 0.45624999701976776 0.4312500059604645 0.15000000596046448 0.17500001192092896
0.0 0.7593750059604645 0.8601562678813934 0.11562496423721313 0.09843748807907104
0.0 0.5695312321186066 0.508593738079071 0.057812511920928955 0.09218752384185791
0.0 0.6335937678813934 0.4859375059604645 0.042187511920928955 0.040625035762786865
0.0 0.5992187559604645 0.40546873211860657 0.051562488079071045 0.057812511920928955
0.0 0.629687488079071 0.11328125 0.05312502384185791 0.05156254768371582
0.0 0.69921875 0.3125 0.03593754768371582 0.04062497615814209
0.0 0.69140625 0.82421875 0.03281247615814209 0.03593754768371582
0.0 0.641406238079071 0.25078123807907104 0.0390625 0.04531252384185791
0.0 0.9593749940395355 0.9031250178813934 0.08125001192092896 0.09687501192092896
