0.0 0.7079358800513282 0.928009792253398 0.10523061400923925 0.06951880445494858
0.0 0.6733422945947127 0.8545863684619885 0.080373587081227 0.0607493329173213
0.0 0.713421756706947 0.7171483410158694 0.07278541847770263 0.047428565282334655
0.0 0.7433836559290473 0.5944403881080863 0.07463595067473357 0.049161227327837675
0.0 0.7080137223164807 0.5625502419589392 0.06556916628021821 0.04688803192783384
0.0 0.6952340864621888 0.5334460921167139 0.03346339243991192 0.026151597752889534
0.0 0.690735856940799 0.618651933531896 0.04539902224180068 0.03421884671854567
0.0 0.6527715039108676 0.6163281149310487 0.02893000024265433 0.025015000052887613
0.0 0.6330084645400071 0.6919512413718015 0.03346345655903225 0.026151638027119173
0.0 0.6602115423182714 0.7980551876921484 0.04910014428107186 0.03768418526217569
0.0 0.768856356041194 0.4864347563830309 0.06152863650908778 0.04206894406437156
0.0 0.7984580171064616 0.40680329046735564 0.05348010767970592 0.04385712573189311
0.0 0.8229287590694746 0.29638812926319297 0.05076474224225418 0.033026718027543554
0.0 0.8631129161016613 0.18415698784809084 0.04320906936508848 0.031132383709999045
0.0 0.8727583974378209 0.12326391657946953 0.047063633150805015 0.029561431127124792
0.0 0.6173887457416658 0.9240137234354806 0.06421148970665022 0.0414728525860113
0.0 0.6148963869991663 0.879502583090521 0.053972955539533275 0.040174577469820075
