0.0 0.2166232631650206 0.3700986490239538 0.09050740090766798 0.06978571195883712
0.0 0.2739543338816041 0.4152455539302723 0.06076957153734881 0.04312815878229097
0.0 0.30312591564164537 0.5653144486203937 0.058772718908749154 0.04969894036347115
0.0 0.3268700287052809 0.7192529410703674 0.06082552252021438 0.051837792249287154
0.0 0.35481151664526894 0.8629936338070875 0.06657654048696768 0.04773645438805722
0.0 0.3767500851642692 0.9705190609115599 0.06088151158974817 0.058961878176880235
0.0 0.2887782584889879 0.2735118715309601 0.06358129399473658 0.05759263306785316
0.0 0.3067185985023077 0.3113048369932202 0.049858508568663584 0.037527720944328366
0.0 0.31357673376653805 0.43287454167992295 0.049211577917309415 0.04262116655176866
0.0 0.3565550755691196 0.6130962075566545 0.04035336335042476 0.03915948975771562
0.0 0.38849804946359423 0.7138404835960888 0.034250872115893394 0.04145272738114194
0.0 0.4056560866412102 0.8202733741206611 0.04340461567135758 0.03801290543198821
0.0 0.41229031605364047 0.9043590486287574 0.056368468844174124 0.045752126183795205
0.0 0.43664879445146276 0.9615445949594704 0.03495380524411553 0.045068858884777366
0.0 0.3352745066223183 0.3582925192656498 0.03965043692586985 0.03554339274006626
0.0 0.39357734317128 0.5946412329526363 0.03624771804082583 0.03488191131397587
0.0 0.38025745935561917 0.5034115019434889 0.037949048384513163 0.03521266296198853
0.0 0.4032348494132103 0.6715718827432205 0.04235022268269164 0.03258874266252123
