0.0 0.18165946073241154 0.6533168659327109 0.07033332644965493 0.1258773049944512
0.0 0.3572088407769084 0.558814086823296 0.03921487841307529 0.07074580961730526
0.0 0.48497262738219504 0.5357699206807697 0.04572716646851349 0.07720257426061616
0.0 0.6054320155774358 0.5036143913367488 0.0525563159877521 0.0854907867547686
0.0 0.7007752759877292 0.491837448478487 0.055020423180576025 0.08414033243885548
0.0 0.8336256516472977 0.4650838632540437 0.043896759376325534 0.08221608977179731
0.0 0.24303283238617848 0.5776214801684917 0.04445988678577488 0.06987640494087347
0.0 0.1549408439314025 0.5485308843467842 0.04541037365598011 0.0753710027314856
0.0 0.19121592849641664 0.5347105373918524 0.03263205627327057 0.04828637340304818
0.0 0.22455166545498617 0.5204554740725662 0.026119747739904088 0.04182963910585045
0.0 0.24094667106557627 0.5034718458327306 0.026313437121986992 0.05074679903042982
0.0 0.27459077977198265 0.5448105248346613 0.036680284134705324 0.05609356660383229
0.0 0.3750206292365578 0.5293241628944825 0.033899350390973734 0.05561247744289144
0.0 0.4351182290574 0.5000648579086444 0.027827038141195626 0.04390170969628162
0.0 0.4991409195708519 0.48521729916881495 0.031118422690205972 0.05513142321573694
0.0 0.6508240359933746 0.45143330068506093 0.037560252530026615 0.04558535996986315
0.0 0.723127891004415 0.4389259366557742 0.03946121183547309 0.056574620830986876
0.0 0.8026129511934104 0.4430965890359689 0.024606146720695322 0.04867472843999856
0.0 0.814352421360318 0.4033390159328766 0.028267001860928433 0.03864763672541018
0.0 0.2978764962687416 0.530407598658216 0.03016797560133879 0.049636832306634474
0.0 0.4174733351971671 0.47670835014384905 0.02390194744858585 0.029008900047772103
0.0 0.5577159642860136 0.4430169984496198 0.02707025391351916 0.04732427412408535
0.0 0.682135698802565 0.4337556881110277 0.0316815766205476 0.042791742972486356
0.0 0.5175247660270121 0.4631737975311494 0.018217007920009732 0.035132417216534685
0.0 0.3827734401264433 0.47893817429514823 0.02314515717794565 0.03243142954178966
0.0 0.3521833547620125 0.484229750149319 0.013535094392903702 0.02366209754058337
0.0 0.6423402780475339 0.4189466900094231 0.022001041184923853 0.018019648361994635
0.0 0.584962013843637 0.4515082935724397 0.025415621987506843 0.02216378954285707
0.0 0.7340489522959677 0.40685529549051386 0.017583354818194417 0.03146933026282683
