0.0 0.08046875149011612 0.5953125059604645 0.05156250298023224 0.08125001192092896
0.0 0.21875 0.5515625178813934 0.04062500596046448 0.059374988079071045
0.0 0.35625000298023224 0.5648437440395355 0.03437498211860657 0.048437535762786865
0.0 0.41093750298023224 0.53125 0.028125017881393433 0.04375004768371582
0.0 0.4624999910593033 0.5156249850988388 0.021874994039535522 0.03437498211860657
0.0 0.16875000298023224 0.5117187649011612 0.03125 0.05156251788139343
0.0 0.5062499940395355 0.5593750178813934 0.037499964237213135 0.059374988079071045
0.0 0.651562511920929 0.5578124821186066 0.03750002384185791 0.06562501192092896
0.0 0.8218750059604645 0.573437511920929 0.025000035762786865 0.05312502384185791
0.0 0.9749999940395355 0.5734374821186066 0.034375011920928955 0.059374988079071045
0.0 0.2671875059604645 0.508593738079071 0.028124988079071045 0.0390625
0.0 0.328125 0.5125000178813934 0.02187502384185791 0.034375011920928955
0.0 0.5804687440395355 0.5218749940395355 0.029687464237213135 0.043749988079071045
0.0 0.90625 0.514843761920929 0.03125 0.04531252384185791
0.0 0.9468750059604645 0.4859375059604645 0.025000035762786865 0.034375011920928955
0.0 0.614062488079071 0.49687501788139343 0.02499997615814209 0.034375011920928955
0.0 0.45781250298023224 0.4781250059604645 0.018749982118606567 0.03125
0.0 0.38359375298023224 0.4750000089406967 0.017187505960464478 0.025000005960464478
0.0 0.875 0.5085937529802322 0.02499997615814209 0.03593751788139343
0.0 0.7406249940395355 0.5046875178813934 0.018750011920928955 0.034375011920928955
0.0 0.8250000178813934 0.4898437559604645 0.012499988079071045 0.026562511920928955
0.0 0.637499988079071 0.48749998211860657 0.015625 0.028124988079071045
0.0 0.5406250059604645 0.4781249910593033 0.021874964237213135 0.021874994039535522
0.0 0.5406250059604645 0.515625 0.021874964237213135 0.02499997615814209
0.0 0.4921874850988388 0.4859374910593033 0.018749982118606567 0.031249970197677612
0.0 0.706250011920929 0.5062499940395355 0.02499997615814209 0.050000011920928955
0.0 0.8054687678813934 0.48906250298023224 0.026562511920928955 0.03749999403953552
0.0 0.36249999701976776 0.5093750059604645 0.025000005960464478 0.034375011920928955
