0.0 0.5483030115305153 0.26777506022463193 0.05581949168600744 0.07186291008009098
0.0 0.5172988104327849 0.3140529689580183 0.03475748312121576 0.048103553608076055
0.0 0.4061778167424522 0.34226329407752204 0.039446495274646234 0.046838968902346644
0.0 0.2918828358915835 0.36639130406592774 0.04111841884141727 0.0484908911889538
0.0 0.18544767778274623 0.39341205999988477 0.0384343268504733 0.05271945311845512
0.0 0.10528583282921829 0.4144610903151712 0.04747931619660646 0.04887826585506527
0.0 0.002258230104279424 0.44505062239915266 0.004516460208558848 0.04683896890234669
0.0 0.624364694445082 0.32039076728380655 0.04546792804097262 0.0508226205335454
0.0 0.5969095061068833 0.3357405146019386 0.030081253739790093 0.039551435612699845
0.0 0.5060532712443095 0.34553840720595475 0.03376457816861249 0.03925905327159431
0.0 0.3730021013947265 0.3856009542200873 0.0307603361318054 0.0323589205791265
0.0 0.29902176423045657 0.4141586865248385 0.03210559058813613 0.027790467180482992
0.0 0.2200353775381007 0.43141779701566635 0.030087734439354995 0.034643153761215205
0.0 0.1572876436988914 0.4396662141692528 0.03643578524469193 0.044847168112131006
0.0 0.11560518430997105 0.46072276110632837 0.03478321458593281 0.028470237153233758
0.0 0.03095303766515233 0.45847104828238255 0.02874889690474174 0.03430326229207292
0.0 0.0379479459918049 0.4860240958552845 0.02741652736327571 0.029055038920678556
0.0 0.5630869077021268 0.35968985105256596 0.02808276320543852 0.031679163571909585
0.0 0.38869604730299606 0.4137388350685846 0.027416527363275645 0.029055038920678556
0.0 0.456469119677576 0.4000247776719135 0.027749613395433314 0.03036706973814356
0.0 0.3314668768320942 0.424077810131054 0.026071323978374927 0.033623505284855956
