0.0 0.0785058343785768 0.2654588594957123 0.06166967166038005 0.08360709499094288
0.0 0.14798325541698826 0.32372767684421055 0.045522938628657125 0.06348249131214292
0.0 0.2997638916203772 0.3222462337752147 0.029659933830035755 0.049843047395644866
0.0 0.4342937983820489 0.32975633118456793 0.03577817758449484 0.050110722912326544
0.0 0.556339013102277 0.34240561036708156 0.03584910828985386 0.051731981929368495
0.0 0.6500320059144549 0.3375705674686217 0.0385535739344558 0.04375946275543261
0.0 0.767878663462895 0.3411020108022257 0.02617528065688344 0.039981534393661144
0.0 0.9011627639871689 0.3420600926935451 0.023257961842475083 0.043090212116661156
0.0 0.9667917590184351 0.3481801419681477 0.026459006184152044 0.04646663230889594
0.0 0.04901227373872598 0.3616317278088264 0.03495790534885278 0.06625664031547238
0.0 0.19871137929599308 0.3551860372375343 0.03535258794067549 0.04038304511594082
0.0 0.2364537351895261 0.3682079705718988 0.02923434148038333 0.040115307752191985
0.0 0.4582392252441675 0.3779111710368383 0.029092480069665517 0.036872789718108166
0.0 0.2980151073546253 0.41475976698618433 0.02422009819466795 0.030186874594666423
0.0 0.09811989414707599 0.3775875011950419 0.03278998911845721 0.05159820601809471
0.0 0.1659922957676959 0.4024861452357696 0.022690566430001537 0.030119956991867446
0.0 0.3917035418661205 0.3750002402892443 0.027421084188448307 0.033563292234158215
0.0 0.4802604391027135 0.39999162685216094 0.019631444552771972 0.029986119233526586
0.0 0.6768946613633039 0.3891018236840124 0.028808754542396908 0.030387691802873283
0.0 0.8174718506472111 0.39850088527425137 0.025749629959334365 0.0302537921974654
0.0 0.185521840156466 0.41146253653874815 0.01643045855899159 0.026609701594034797
0.0 0.33285568818742617 0.406537727303928 0.022548702313450696 0.026877377110716517
0.0 0.5196742186984955 0.40983793010807856 0.016572322675542317 0.02985228147518577
0.0 0.6158188546212543 0.3839931592790707 0.02290330560984737 0.034983855184384446
0.0 0.7604527369603984 0.4057526365993701 0.0226905080821048 0.03011995443912454
0.0 0.6901486443550657 0.41892067600496075 0.018101854440208953 0.029919199077984703
0.0 0.3799881461866609 0.41509733246237934 0.016572322675542362 0.029852281475185816
0.0 0.5534107990625529 0.3918212924738945 0.02379450584501539 0.020459134951213497
0.0 0.13411992210111637 0.39540638674833406 0.026104288897794904 0.038360210976809264
0.0 0.6424996528270551 0.40465311143849114 0.02261957737674587 0.028498695422082543
