0.0 0.8453125059604645 0.44062498211860657 0.040625035762786865 0.050000011920928955
0.0 0.6781249940395355 0.4437499940395355 0.037499964237213135 0.050000011920928955
0.0 0.5499999821186066 0.45390623807907104 0.028124988079071045 0.04843747615814209
0.0 0.45624998211860657 0.45625001192092896 0.034375011920928955 0.04062497615814209
0.0 0.3375000059604645 0.4625000059604645 0.021874964237213135 0.050000011920928955
0.0 0.22187501192092896 0.45625001192092896 0.02499997615814209 0.04062497615814209
0.0 0.15937501192092896 0.46953123807907104 0.02499997615814209 0.04843747615814209
0.0 0.29999998211860657 0.5078124850988388 0.028124988079071045 0.028125017881393433
0.0 0.9625000059604645 0.46562501788139343 0.043749988079071045 0.050000011920928955
0.0 0.9164062738418579 0.47343751788139343 0.0390625 0.050000011920928955
0.0 0.734375 0.4781249761581421 0.02499997615814209 0.03125
0.0 0.746874988079071 0.5132812559604645 0.02187502384185791 0.0234375
0.0 0.6500000059604645 0.48515625298023224 0.028124988079071045 0.04218748211860657
0.0 0.4906249940395355 0.48906248807907104 0.025000035762786865 0.03125
0.0 0.4312500059604645 0.4937499910593033 0.028124988079071045 0.03125002980232239
0.0 0.46562501788139343 0.500781238079071 0.018750011920928955 0.02968752384185791
0.0 0.797656238079071 0.5062500089406967 0.0234375 0.031249970197677612
0.0 0.34843748807907104 0.5093750059604645 0.02187502384185791 0.021874964237213135
0.0 0.965624988079071 0.512499988079071 0.02499997615814209 0.03125
0.0 0.9906249940395355 0.5062500089406967 0.018750011920928955 0.03749999403953552
0.0 0.578125 0.5078125 0.015625 0.02499997615814209
0.0 0.8187499940395355 0.45624998211860657 0.018750011920928955 0.043749988079071045
