0.0 0.3223031469925094 0.9941763022933211 0.17141502453287094 0.011647395413357842
0.0 0.43162840022548243 0.9497971243100416 0.13176907092986898 0.05394001352550344
0.0 0.5508131651626659 0.8554329329086403 0.0851776006229974 0.05086192110473906
0.0 0.36257440041247535 0.7608191184480878 0.14354032146584705 0.07502147396936856
0.0 0.45544168415709124 0.6423203517504315 0.09825930902655981 0.052969305778321374
0.0 0.42088215391852285 0.4846389595695209 0.1317189253850919 0.05221028348865664
0.0 0.438688258385085 0.22373254801126158 0.1189880754586115 0.06221159781669883
0.0 0.45655945711236734 0.08921098196898804 0.12819612323397456 0.05902166731047285
0.0 0.4771199921605561 0.7944348032889001 0.10213293414652043 0.05826661992946036
0.0 0.5570271226544914 0.6409351195515731 0.07420811913130976 0.05745764147437775
