0.0 0.802856283662399 0.8377271401797717 0.09184711578969225 0.06065057157836051
0.0 0.7537393910130497 0.7694997910320233 0.06964264166498228 0.04497218761749862
0.0 0.7803579812599739 0.6444658929006338 0.05422925090598181 0.03026900617944861
0.0 0.7947756232704701 0.5319973151087176 0.05496176747071235 0.035370127753692325
0.0 0.8017860174150258 0.42887769607616255 0.05665950560239965 0.03561392145394739
0.0 0.8222946280148129 0.35242640161746575 0.04853701020822658 0.03694551660169387
0.0 0.8380933537518118 0.2544735306103796 0.04367643605083256 0.026255676752562886
0.0 0.8591188847856621 0.14425541123216118 0.04670564529955588 0.024192642555785127
0.0 0.86359793532346 0.08893071969134793 0.050467453342140624 0.027230860853716378
0.0 0.6979688077442465 0.8441414412183267 0.07175627695818018 0.03653280940118222
0.0 0.7294060149480682 0.7217518648092605 0.04477520740501353 0.0339073347898621
0.0 0.7220999190105684 0.6881632454130353 0.044042626075725 0.02880620391548492
0.0 0.7486536706789035 0.5032474059162014 0.04064715155880725 0.028318628677008118
0.0 0.6838601455728439 0.6286565130212284 0.03330667945970713 0.023517575851988503
0.0 0.6894895099316767 0.8006225083780993 0.05629331077474973 0.033063360845434084
0.0 0.6748105407616862 0.7399435729643437 0.03312354944529607 0.022242289377411063
0.0 0.7406875123595095 0.558722156155693 0.03706847702354832 0.02655572117772076
0.0 0.7293296908815998 0.48094881716575505 0.03275728941647351 0.01969171642825591
0.0 0.7731433926776783 0.3206383349371843 0.0338561307745846 0.027343420251788243
0.0 0.786595778992481 0.20282484938273565 0.03348980598120397 0.02479283800249967
0.0 0.6687023696469128 0.7221459178533929 0.028995491852632328 0.016653571102523655
0.0 0.6981671441340443 0.6014254744154295 0.029728008417362606 0.021754692676767374
0.0 0.7256022336041652 0.4465725033455289 0.03239103637348002 0.017141192127233484
0.0 0.7683648596243557 0.37201529452820375 0.038216889876560425 0.02297366475437661
0.0 0.7696333733187822 0.2485474642476428 0.03312354595238141 0.02224226505334457
0.0 0.7443233469777372 0.30413481788327223 0.03257415940206236 0.01841642995367838
0.0 0.6970531022032608 0.5609165630587373 0.03239103288056553 0.017141167803167257
0.0 0.7499126604701958 0.4220795320161047 0.023120056375907527 0.02205478575005788
0.0 0.6769069730927872 0.7675777758447241 0.041978628788443564 0.02601184334709137
0.0 0.7512880045090589 0.3461346643783461 0.03142580782069393 0.021998471353089633
