0.0 0.06946703572519733 0.533191209741651 0.04519363353234871 0.05341182672613716
0.0 0.24132980994665765 0.5245110579646253 0.0419852438691628 0.053190539244988774
0.0 0.37357877636465997 0.5257034224852232 0.032251395755865 0.05094743439062492
0.0 0.4699916470550628 0.5214338088122006 0.038123445665534474 0.04349388517227659
0.0 0.5923433245502594 0.5193419652446669 0.02594366271588795 0.05208412716301005
0.0 0.7106153337572971 0.5048376296928323 0.028498460257304358 0.042830035390713214
0.0 0.7757074886579438 0.5138353540248483 0.029043067286454873 0.050726151130103855
0.0 0.6340018631104456 0.5624840247632283 0.030835420388588552 0.03041757563801708
0.0 0.010279947242744059 0.5713891082318323 0.020559894485488117 0.05330118298556297
0.0 0.1859763813572472 0.5632370330623553 0.027844933484332167 0.033354720600477436
0.0 0.1755938623820715 0.5996547128323615 0.024092059179547133 0.02523732582119269
0.0 0.27309106166154906 0.5643689395163461 0.03181571054804664 0.044630547823370746
0.0 0.43698750413952714 0.5570315782450868 0.02784499467810795 0.033354724821104575
0.0 0.49827226470845776 0.5575648856334562 0.031053264031253212 0.03357603398228983
0.0 0.46347092005098267 0.5671054942112574 0.021319417995466328 0.03133295924921695
0.0 0.12296857751544384 0.5961440509454702 0.026240797769004055 0.033244050959239234
0.0 0.5843818782760039 0.5674931468722072 0.023983135280703748 0.02365806652776543
0.0 0.3484617012627767 0.5821781761492846 0.017784321984548247 0.026373958350995697
0.0 0.09782694998282104 0.5471025398369428 0.022299708154924325 0.045545931434570794
