0.0 0.9594363639261065 0.374462187666151 0.057669879123030475 0.06542211849785007
0.0 0.8642090114997935 0.30182937007955435 0.060180070774160474 0.07494657629930686
0.0 0.906787003521532 0.3979347802409442 0.03761316101315302 0.048318890516570255
0.0 0.9926561307978046 0.42118381925824266 0.014687738404390771 0.06507382946538556
0.0 0.9752738347202333 0.4771013075235489 0.03510292157942985 0.038794476470040085
0.0 0.8691725531390511 0.4355560233381894 0.042626126907521746 0.04964015619152562
0.0 0.8205091249055044 0.413393149635525 0.03217934412281078 0.03950106081268121
0.0 0.7931638298728821 0.36119775381604513 0.0351079674352965 0.05061291757013135
0.0 0.7547366632643276 0.3374885842328319 0.04513886537788183 0.06507381266556464
0.0 0.7626503328800195 0.40238819182741664 0.0409500605329546 0.03738124723001039
0.0 0.6895563289173413 0.35426320776360154 0.037613176972866126 0.048318951071317874
0.0 0.6532071059231687 0.3599621098285257 0.03510548435837295 0.04470373569737003
0.0 0.6862498240857697 0.2583220872276011 0.06184851255420476 0.06947772437865316
0.0 0.560093129675478 0.2216770714449713 0.05683818914079843 0.0740657952855964
0.0 0.6076852812991811 0.3157086800836014 0.038452475589908094 0.057402974610992794
0.0 0.5767673841385703 0.32114137483518695 0.028424140426265954 0.048851338742889536
0.0 0.5199696813977356 0.2654277303456897 0.04680226130205929 0.04778651964481959
0.0 0.49154429145315126 0.30886615307333753 0.035105484358372865 0.044703735697370114
0.0 0.3963434895466538 0.16493810985298657 0.045138913160475004 0.06507376891063794
0.0 0.4205434005436087 0.24940913887610794 0.036776472957647056 0.04514408244929857
0.0 0.343689075306356 0.20199076943230768 0.03259771204186035 0.04108844296885357
0.0 0.23924735346079293 0.19144099960600575 0.035939721159835084 0.04196925758220602
0.0 0.20649102759124877 0.08519162883623184 0.05808819925948676 0.06700954440894927
0.0 0.07845669148167492 0.042109917138719276 0.05516462180286784 0.06771612875159025
0.0 0.2977222923924938 0.23061996935477339 0.03761067793622921 0.04240970864380893
0.0 0.37290819974099876 0.2708079299281413 0.0342687325605608 0.04152891083027752
0.0 0.44643703841066473 0.27321034937896416 0.030092582206310236 0.043382486822235757
