0.0 0.21875 0.596875011920929 0.043749988079071045 0.05312502384185791
0.0 0.021093749266583472 0.6062500178813934 0.039062498486600816 0.059374988079071045
0.0 0.11484375223517418 0.559374988079071 0.02968750149011612 0.05312502384185791
0.0 0.18671874701976776 0.5492187440395355 0.03281250596046448 0.042187511920928955
0.0 0.2562499940395355 0.5562500059604645 0.03125 0.034375011920928955
0.0 0.3773437440395355 0.59375 0.0390625 0.0625
0.0 0.4937499910593033 0.5999999940395355 0.03749999403953552 0.053124964237213135
0.0 0.643750011920929 0.5999999940395355 0.03750002384185791 0.056250035762786865
0.0 0.8296874761581421 0.624218761920929 0.03125 0.04531252384185791
0.0 0.9249999821186066 0.6156249940395355 0.028124988079071045 0.056250035762786865
0.0 0.31562499701976776 0.5492187440395355 0.028125017881393433 0.045312464237213135
0.0 0.3492187559604645 0.53125 0.026562511920928955 0.03437495231628418
0.0 0.43046875298023224 0.5359375178813934 0.03281250596046448 0.043749988079071045
0.0 0.520312488079071 0.518750011920929 0.02499997615814209 0.02499997615814209
0.0 0.7749999761581421 0.5554687678813934 0.03125 0.042187511920928955
0.0 0.680468738079071 0.571093738079071 0.0234375 0.03281247615814209
0.0 0.7109375 0.5398437678813934 0.02187502384185791 0.035937488079071045
0.0 0.614062488079071 0.5515625178813934 0.02499997615814209 0.034375011920928955
0.0 0.26874999701976776 0.5085937678813934 0.025000005960464478 0.026562511920928955
0.0 0.078125 0.5 0.025000005960464478 0.02499997615814209
0.0 0.15625 0.5093750059604645 0.028124988079071045 0.034375011920928955
0.0 0.0625 0.54296875 0.02812500298023224 0.04531252384185791
0.0 0.014843749639112502 0.4937500059604645 0.026562499231658876 0.034375011920928955
0.0 0.63671875 0.5249999761581421 0.02031254768371582 0.03125
0.0 0.4703125059604645 0.5374999940395355 0.018750011920928955 0.034375011920928955
0.0 0.21562500298023224 0.512499988079071 0.021874994039535522 0.03125
0.0 0.5218749940395355 0.5718750059604645 0.025000035762786865 0.040625035762786865
0.0 0.586718738079071 0.543749988079071 0.01718747615814209 0.03125
0.0 0.37187500298023224 0.5218749940395355 0.018749982118606567 0.034375011920928955
