0.0 0.27229779966631984 0.2296858413252279 0.09150554462419014 0.18329511765331657
0.0 0.33912014933173495 0.3786855404805327 0.07615166232610697 0.14520307738864185
0.0 0.38742881703434745 0.3996602704081022 0.0470036199110551 0.12064550485138899
0.0 0.5253161561231219 0.42005234494188226 0.05908457371108069 0.10374263396494827
0.0 0.605754092272029 0.3310678307318353 0.08414081994437765 0.14171218038813596
0.0 0.604601824456443 0.5448615814462421 0.05992065092254153 0.09296412278770924
0.0 0.6335077868074291 0.4352391996558703 0.0589787272138647 0.08659501337714123
0.0 0.687223912340589 0.449691623619502 0.05375053254630746 0.11697089299750836
0.0 0.780247483206129 0.554566670508908 0.05726551077541782 0.08322675725161907
0.0 0.7852064879900029 0.41374200674837097 0.06745609247065687 0.14391703545063406
0.0 0.9091462381552983 0.3653601092090263 0.07880675508597808 0.15494043591666
0.0 0.9619270431034593 0.48055470280970525 0.05871946509112806 0.11770574540293524
0.0 0.8990509381148193 0.5623738261425667 0.05944969131392615 0.08977958326757988
0.0 0.850986368308061 0.5097066546045994 0.056494260941454225 0.08622758717442762
0.0 0.27673553648921595 0.44430632545298854 0.04938222028850316 0.10386521847935856
0.0 0.3302518922612294 0.5116101177656468 0.05685940959329287 0.07226451136280394
