0.0 0.3447094154358726 0.0393396635588147 0.06483502219020623 0.05590215499894883
0.0 0.42792247543994116 0.019380901093593562 0.034342967707536955 0.035978786477167145
0.0 0.4429258293644576 0.06388967422325924 0.03033102251253439 0.02997258833346187
0.0 0.39734765157109597 0.06633212645116407 0.045256140637258205 0.03859632242720592
0.0 0.39927140541008455 0.11044075566063585 0.05247833105691972 0.03654562926194702
0.0 0.42398481063528504 0.14130118319575496 0.04429341481764126 0.03458247830561523
0.0 0.46683414514238386 0.1515400865979261 0.02968923182858658 0.027296700619723512
0.0 0.461375855904078 0.18892977799464933 0.034824882010116374 0.027267507402003364
0.0 0.3950939245031607 0.2133171174835633 0.06258865913903841 0.04653650701884615
0.0 0.44660892401425245 0.23562675610757325 0.039318795076030796 0.02456244533180558
0.0 0.48311944500431975 0.23748157431768036 0.02872647386904976 0.023282824738028694
0.0 0.45005728792348787 0.28007717601772103 0.04942911397685723 0.034553284809606885
0.0 0.48094963946834246 0.30662572707533775 0.03450400350321026 0.025929582615111045
0.0 0.4968369228359215 0.3247464347352702 0.03562773068325749 0.01989418154476703
0.0 0.437536159273176 0.3481667888358847 0.06579885462090349 0.03847961279824532
0.0 0.4925012526336685 0.3788459256824449 0.04605899237082989 0.031223009329668948
0.0 0.5000431713272235 0.3982608029048582 0.0414052281774981 0.022540907661745234
0.0 0.4585551779716418 0.4478295849469788 0.05616931739251774 0.04121387432686881
0.0 0.49333981155576917 0.4635401022690543 0.03650993975269934 0.02893263238227304
0.0 0.523027893151343 0.5031118185882557 0.03795461584035413 0.02423524513842814
0.0 0.522665583845515 0.5286673040232677 0.038515940282028274 0.03193574566964337
0.0 0.4865536605871726 0.5826063111166654 0.05215736837197671 0.035207660233539516
0.0 0.5501078721506737 0.5468463697571773 0.03145478030228608 0.02393721264337243
0.0 0.5570856727054351 0.6180412122814526 0.043330705835790614 0.030568602145632263
0.0 0.5216189625129986 0.6024942919357131 0.04060238562521858 0.02991425903838003
0.0 0.5571633467808044 0.6724970841583138 0.0470217120695855 0.035236827931861024
0.0 0.5182420512416026 0.7447964478133241 0.05536646259851548 0.048587174664706544
0.0 0.5454808091925132 0.8252808928417796 0.062027331636933435 0.03883599372793167
