0.0 0.5607924415329688 0.9441480182751636 0.0692393634235537 0.04469994076034052
0.0 0.5733322003985849 0.8237761592600255 0.053284640476733446 0.03596921177415098
0.0 0.6158569303935079 0.8578173616603106 0.04161229216362319 0.029142545509944284
0.0 0.6061405239592107 0.7761639739953397 0.03403243418352657 0.02290747476287347
0.0 0.5860481228920882 0.7335209113741868 0.03948920410237618 0.02369636726213109
0.0 0.5481670377912166 0.7075160364915309 0.04763819734519412 0.03386807863234207
0.0 0.5635435581397177 0.6597448660635179 0.037935265778407425 0.022186929751756602
0.0 0.6189557982889781 0.7106778556582192 0.027627078497208846 0.015557445307545414
0.0 0.6119587022456936 0.6815474170814928 0.028955145097271994 0.024742935949012158
0.0 0.5719319774936489 0.6310692911373459 0.03774559980299612 0.020874739166354496
0.0 0.6041394955201774 0.613016237647831 0.024862595487296347 0.02415128285081325
0.0 0.559943437540379 0.557782302606941 0.03228881540958968 0.020085746552798333
0.0 0.5519028613109556 0.5214346511670824 0.039642808903059115 0.03399692048811067
0.0 0.5939894261111134 0.5428125625707205 0.024293434204733087 0.020214638465716205
0.0 0.5644019237578282 0.4874759849167031 0.03130409764514628 0.022513011008583918
0.0 0.5695515151784292 0.4652970816045032 0.03289413040096365 0.01503413969748717
0.0 0.5259199853956464 0.5921736655827237 0.047827870557883935 0.03518031927489336
0.0 0.5091477479808469 0.4713509965011388 0.06124392294173493 0.04482877509219518
0.0 0.4803281843297077 0.36834589479419266 0.05229992271228996 0.03839647622993656
0.0 0.5124001910385189 0.33490648621269903 0.033237427196899635 0.026646887270825738
0.0 0.5444766522401154 0.42672350498921796 0.03695054077668569 0.024614144150392824
0.0 0.5484698738796657 0.4013626954327476 0.035396602452716766 0.023104706640018246
0.0 0.445207179785647 0.20730734869955994 0.05715135885720226 0.04423702187969778
0.0 0.5044454953964881 0.2509889228965271 0.03691441308771672 0.03360239915275809
0.0 0.5221347849455714 0.20958158622367273 0.03380658847946272 0.030583531655922737
0.0 0.5204046909248256 0.27949345766428185 0.034791313481184714 0.028156317257286467
0.0 0.4860515737370587 0.171929786261651 0.026073210995487272 0.014047969025892337
