0.0 0.079009558117044 0.7095563318149367 0.0511847974889726 0.08993649776447059
0.0 0.2175672417119087 0.6572915118088167 0.04132400610301481 0.06908019103579299
0.0 0.1648925492785288 0.6122739698811526 0.03356847707872697 0.05385892508161074
0.0 0.26421811992909056 0.6004726979864644 0.026312209657040196 0.04412645366965
0.0 0.3204879939534025 0.6138023048508237 0.026977863646133214 0.051444982266983796
0.0 0.36230732709365177 0.6551953064818633 0.03905230081998816 0.061615653870243745
0.0 0.41425048137572684 0.6209546505570994 0.02520538933270595 0.04946923685744311
0.0 0.3378429620672844 0.5642600099701706 0.017616301264619594 0.036077570941476546
0.0 0.3743119465730985 0.5646325061934065 0.028858677300255133 0.03710015159273068
0.0 0.44567681006255755 0.6014934371067474 0.023599368671774014 0.0493232310754407
0.0 0.45757701897239594 0.5542920284106174 0.028359439982508672 0.03161129004206096
0.0 0.5357821113792485 0.5951426766860023 0.022933653416677746 0.04200469690568074
0.0 0.5810843991870411 0.5947117607551891 0.039659883826575995 0.05078400913178109
0.0 0.5435007658606856 0.5464768666450613 0.023541328322270516 0.0311730605258572
0.0 0.6175494686512333 0.5683355793538735 0.02597941964364221 0.040467261951857306
0.0 0.6422478228029872 0.5550205933564818 0.016675897611632084 0.043250021175933816
0.0 0.5051085584717694 0.6495859124329065 0.04065835211392184 0.06176166243845911
0.0 0.652782074354546 0.6352319573603031 0.05179241626779074 0.07910478706238928
0.0 0.7829303242175469 0.6418419846082547 0.04436971106397589 0.06754275050954331
0.0 0.8130504854534333 0.5902162523223479 0.030963972260081896 0.042735091506276926
0.0 0.6951682204406551 0.5760339058835946 0.028251094293667213 0.04793179633119342
0.0 0.7239648763226709 0.5632685093356669 0.026478650613241596 0.045956053707865506
0.0 0.9789243285670912 0.6392801581902172 0.042151342865817655 0.07361591993929348
0.0 0.9145355223212059 0.5754514146593446 0.039326995566026215 0.04712473926068803
0.0 0.9582820240191807 0.5401115491176414 0.0357821145533217 0.043173323808693806
0.0 0.8761818091196479 0.5632593849373165 0.03273640959236061 0.04471076433494332
