0.0 0.05680190100694036 0.34763441346965906 0.05195595827193139 0.09527169609792097
0.0 0.16818194822630045 0.4345668950788468 0.03449632751608182 0.0577601415342965
0.0 0.20046186454355502 0.367651991002388 0.042803271859160705 0.05925301717376632
0.0 0.2549787977373022 0.420496120447888 0.03268903617640828 0.04024843994067151
0.0 0.32164251372147923 0.4375447582728514 0.024170661389160086 0.030124141709599695
0.0 0.2992860619275956 0.3926715214117255 0.02683050742560007 0.04492456607295252
0.0 0.31354028857490057 0.332815698360648 0.03891579037916966 0.05998665566584967
0.0 0.3609130331258542 0.4373625682166833 0.019219184621726004 0.02493757838121464
0.0 0.37692687152655335 0.36343993106476713 0.030663396136962583 0.05134237728745772
0.0 0.4116415050746506 0.38164669429863374 0.02959945366378358 0.04542218495846129
0.0 0.4588337654408597 0.2983012437035464 0.03864985250188528 0.05850658884550315
0.0 0.49242301963968893 0.3579620726250684 0.026619076981430734 0.03629314348135049
0.0 0.4349050667394261 0.41566202266617347 0.023638690152570606 0.027164045545101344
0.0 0.5286892722909342 0.3331104068020968 0.030131424900372926 0.0483822811229595
0.0 0.5672368422914044 0.3567397057584102 0.028535511190604712 0.03950199262946472
0.0 0.5916223241776463 0.3691635748924884 0.02054910763994604 0.03233779056289112
0.0 0.5926523016865985 0.26355726802961127 0.041950769976658454 0.06196430389551022
0.0 0.6410447418451211 0.32208557494326906 0.033432385042903065 0.051839949205299975
0.0 0.6992072253115186 0.23218507136360672 0.04834132277832026 0.06024828341919934
0.0 0.7171953580296488 0.28853824507094045 0.03929092394021829 0.04716387953215735
0.0 0.7366770904757466 0.32934456134092227 0.0357785760212761 0.03507474189054838
0.0 0.8137382543250892 0.26507674949611876 0.03290042395282065 0.048879909499940054
0.0 0.8633277864962345 0.1751891064489823 0.040566307004074 0.06171555091189416
0.0 0.7853526737417933 0.2900400254585519 0.028003550100522644 0.03654195292410485
0.0 0.9000611733085604 0.22053427410587023 0.035137451768678926 0.04641744171242239
0.0 0.8561187130369218 0.29412862189591993 0.030772549152970185 0.03703958130108549
0.0 0.5084708179313611 0.3955659064354567 0.027205651133156115 0.03210184639839855
0.0 0.3463315859188457 0.38803638303542265 0.029654056578919487 0.038270791711011
