0.0 0.4992931155491034 0.6781997368088828 0.21845280467452258 0.2377824507997417
0.0 0.7230766329402616 0.11359891183118087 0.15824947235525366 0.1425587732299961
0.0 0.6059949098220658 0.5598677012291254 0.09107688284312854 0.1192848005248364
0.0 0.6848050934557486 0.5671269329064053 0.05904945099605872 0.05727527894011715
0.0 0.6682813178320304 0.6667147268248341 0.07444120499078029 0.07911924741770164
0.0 0.7840411779014783 0.9741383587699344 0.07447125842671136 0.05172328246013116
0.0 0.807324735716248 0.74240111274325 0.0519755110582417 0.055513987129211365
0.0 0.6561435801556295 0.17290231502023917 0.04713460211942762 0.04939647953793665
0.0 0.7590581285473366 0.8276457269239547 0.05681631823092923 0.061631594310106855
0.0 0.9374913575504789 0.03739859904412867 0.11890810987287566 0.07479719808825734
