0.0 0.7289062440395355 0.17421875149011612 0.13593751192092896 0.06718750298023224
0.0 0.8031250014901161 0.34296874701976776 0.11874999105930328 0.07343748211860657
0.0 0.8125 0.5187499970197678 0.109375 0.05625000596046448
0.0 0.7781250029802322 0.653124988079071 0.11562499403953552 0.078125
0.0 0.765625 0.7687499821186066 0.11250001192092896 0.059374988079071045
0.0 0.44843749701976776 0.21249999850988388 0.13124999403953552 0.056249991059303284
0.0 0.46562500298023224 0.4703124910593033 0.12812498211860657 0.07812497019767761
0.0 0.40625 0.7374999821186066 0.11562502384185791 0.06562501192092896
0.0 0.44062498211860657 0.98046875 0.14375001192092896 0.0390625
0.0 0.9281249984633178 0.3023437559604645 0.13125000288709998 0.0703125
0.0 0.7062500044703484 0.08906250074505806 0.11249999701976776 0.05000000447034836
0.0 0.4828124940395355 0.8421875238418579 0.11250001192092896 0.0625
0.0 0.7445312589406967 0.043749998323619366 0.10781249403953552 0.04374999739229679
0.0 0.7437500059604645 0.012500000186264515 0.09375 0.02500000037252903
