0.0 0.526749045094213 0.08173052339710618 0.09394156710864268 0.05917232431718391
0.0 0.4960155388896201 0.14748373975003595 0.06293587823064328 0.05092884030603728
0.0 0.47699344032433244 0.18890877048292928 0.05031430872014555 0.034420830060870024
0.0 0.4586379363036242 0.21500338267760705 0.04296060752137132 0.03772663637781144
0.0 0.45233766147616555 0.28941373734252485 0.03332069307275285 0.02727227739733724
0.0 0.4639449652281368 0.32118008086660793 0.02370932992499286 0.022086432619488904
0.0 0.5089445727721256 0.38043609133045986 0.03775001077900457 0.028449893144115723
0.0 0.5111124628067527 0.4480490822273285 0.044408424779518896 0.032850591794457
0.0 0.5290401274112773 0.29250843819372346 0.056625128813600066 0.04267486966494758
0.0 0.5557252738622105 0.4255806981455315 0.05477234669489554 0.040867004933435515
0.0 0.5723225804232465 0.5355746159420772 0.05514863325563617 0.04228231610830111
0.0 0.5920485297537861 0.6038230961841775 0.050314294366280876 0.0344207760722691
0.0 0.6103104116536773 0.7141321039915962 0.04440843913338348 0.03285064578305796
0.0 0.6470424257432661 0.8225611078196019 0.03259675628240579 0.02971029220182082
0.0 0.5881472421915707 0.7556345982702632 0.03812633930842724 0.029865165304767415
0.0 0.4278241845899073 0.14667214907335416 0.035925963282662995 0.03191064152699159
0.0 0.4195461021920579 0.11553602458523064 0.03812633930842733 0.02986516530476737
0.0 0.6524822158705883 0.8786969866504972 0.040703001894932186 0.02923500025740875
0.0 0.5862104913562411 0.6978096949347058 0.028862640744138267 0.02082604853617074
0.0 0.557795762245973 0.7068796282587279 0.027386201508721265 0.020433509953911154
0.0 0.5403131710527165 0.6440959809662643 0.029991486072495643 0.025071928072166648
0.0 0.4730329204780975 0.3672540778234941 0.03036775827937177 0.026487185258431235
0.0 0.5518526855841521 0.5834458410546431 0.03737378054081057 0.02703459694363719
0.0 0.49122511648872524 0.4237877925402215 0.03809767536247559 0.024596621153367425
0.0 0.42222108645250467 0.17316459715386384 0.02738614518617446 0.02043349497952427
0.0 0.4255397835249715 0.09348567883043908 0.03916922041374713 0.018305319383748353
0.0 0.5399531065032034 0.6070663785744402 0.03036775827937177 0.02648718525843128
0.0 0.5243394841016732 0.5096911781761304 0.028138703953791123 0.023264063340654496
0.0 0.5310695375291814 0.5260857115065345 0.03256813430513601 0.024441709036207016
0.0 0.5296198020715088 0.5711730497298124 0.027009929301845047 0.019018252767646616
