0.0 0.2665356517721339 0.5762660917638261 0.0995397509024289 0.12554595160816184
0.0 0.3521835293290162 0.36135421943415214 0.10276693752845509 0.16640416927292456
0.0 0.5732586281696987 0.3382547105079812 0.1130975694728182 0.1511234381042616
0.0 0.4872861607297386 0.6299165873406016 0.08356251434456219 0.1363213624420168
0.0 0.647084978018511 0.6003741969162123 0.09972473338249106 0.1464495374287286
0.0 0.3357439407842379 0.7066006721321256 0.08980168354997771 0.12331099444841724
0.0 0.5830156123428003 0.6748141564455852 0.07343570005713174 0.1323925085521802
0.0 0.766546256043657 0.555125453395586 0.09231925469186644 0.1543781076477048
0.0 0.9602954584189793 0.5300926715224985 0.07940908316204123 0.14553602177675362
0.0 0.9570211246734566 0.6493416578003111 0.08595775065308686 0.11653529639132962
