0.0 0.040624999441206455 0.44453126192092896 0.06249999813735485 0.1421874761581421
0.0 0.11171875149011612 0.534375011920929 0.045312508940696716 0.109375
0.0 0.04062499850988388 0.6070312559604645 0.04999999701976776 0.10468751192092896
0.0 0.19999999552965164 0.632031261920929 0.04375000298023224 0.0703125
0.0 0.28046874701976776 0.47187501192092896 0.06406250596046448 0.11874997615814209
0.0 0.38984374701976776 0.546875 0.04531249403953552 0.08125001192092896
0.0 0.53125 0.5140625089406967 0.04375004768371582 0.10937497019767761
0.0 0.7671875059604645 0.5226562470197678 0.053124964237213135 0.09843751788139343
0.0 0.8890624940395355 0.5343749970197678 0.050000011920928955 0.10625001788139343
0.0 0.25312499701976776 0.5687500089406967 0.04999998211860657 0.08437499403953552
0.0 0.39374999701976776 0.6320312470197678 0.04999998211860657 0.06093749403953552
