0.0 0.012885651638190687 0.4913338869912304 0.025771303276381375 0.092691669331278
0.0 0.13377849269089032 0.47547178589016104 0.043782458747256524 0.0713449776153996
0.0 0.09924076623251703 0.41841045340911637 0.03534093631420623 0.05572449198399001
0.0 0.18956961563255198 0.4319945270606452 0.027891619233953113 0.04556689536431709
0.0 0.23552542365853033 0.4591516643299737 0.02921454808929482 0.05285087961804944
0.0 0.26147202987081786 0.509950039266063 0.041010621596563504 0.06379790749644484
0.0 0.3160268577334895 0.48976145505882196 0.02743488865553103 0.05076669349156093
0.0 0.2636847897419595 0.415358542122899 0.019324119763991777 0.03696717421024385
0.0 0.2956239246210387 0.4249214892317439 0.029466544818467888 0.03880929123669592
0.0 0.34870618937080566 0.4787672216405416 0.02598600799604749 0.050503612645608875
0.0 0.37146363083928746 0.4358740394933093 0.028474354485154053 0.03334633777900766
0.0 0.4295147305278303 0.49532482626428076 0.024663023868970235 0.043219618353335765
0.0 0.46942291344942716 0.5063351425472404 0.04047516184167153 0.053135155911512924
0.0 0.4489805956226153 0.449952794460115 0.024127647021681665 0.0325568818262151
0.0 0.5083310140542132 0.4898884814201704 0.027230195058534613 0.04192497772194352
0.0 0.5334980495551092 0.4831730273677891 0.01919812770759748 0.043988003133531614
0.0 0.388378138202548 0.5405231502039248 0.042459529891914816 0.06406099336166733
0.0 0.5218436999535895 0.5638228645732692 0.05412963897865693 0.08202885518262085
0.0 0.6344496211966116 0.6030851018696106 0.04634957466508514 0.0700503269454666
0.0 0.6743656654091105 0.5604867142358345 0.03190765606351782 0.044535400024828496
0.0 0.5745086434184359 0.5169562457080683 0.03000200457335982 0.04947204282162785
0.0 0.6031325799461447 0.5118091357519983 0.028222372775463977 0.047387861714409674
0.0 0.8113039089998626 0.6511946518032318 0.053137393373607546 0.07656589168639183
0.0 0.7673639944975025 0.5717340267878803 0.03981364214226524 0.049493153746105724
0.0 0.8150049851609392 0.5484087121265006 0.03625439116285793 0.04532486099689157
0.0 0.7368501384263594 0.5502030598244741 0.033687275245029104 0.046619511666824744
0.0 0.8540941837219975 0.5968913872983037 0.01754447925480509 0.03488309228158819
