0.0 0.9500636425142354 0.9785633925033462 0.09987271497152932 0.04287321499330741
0.0 0.42224120038278945 0.5104007898559818 0.23524318248223883 0.16826298311659613
0.0 0.6395845376673877 0.9220406383925515 0.14020005083681805 0.1233802633781389
0.0 0.41989702721822225 0.6318929482365043 0.11547464915659278 0.07005961378426795
0.0 0.35031438197694925 0.6762415988977221 0.056741899355045165 0.04444149927816943
0.0 0.2925408178888401 0.617738882759667 0.0798109718185612 0.058158864295121404
0.0 0.0035535199492747636 0.530121694641752 0.007107039898549527 0.05751377269288636
0.0 0.12486422204581264 0.6623765944872982 0.0546470328683228 0.0413346943937853
0.0 0.6530088737057084 0.8534659450474624 0.04875042414612256 0.036432545780613876
0.0 0.10333639391483995 0.5914740996151566 0.06212116045534157 0.04345258699974437
