0.0 0.07963441096363952 0.8377175543404866 0.055528698567710054 0.10012288704627607
0.0 0.16708584850421218 0.7118076564483468 0.0370709478381253 0.060669335000840444
0.0 0.2254804332426823 0.766560972708573 0.04645530560079414 0.06215840570335436
0.0 0.2645917180595759 0.6947353479996006 0.03566236082025642 0.04218344967699794
0.0 0.3294855835139982 0.6540291515592334 0.02635578697063363 0.031575562119325884
0.0 0.3217720542429189 0.7064684144820487 0.028832987825652624 0.047187271512467356
0.0 0.35843256176915494 0.7606692080368754 0.04201082637180065 0.06297507288185988
0.0 0.3713824241811804 0.6401790025750758 0.02092040870371035 0.026147519352185976
0.0 0.41496458668428743 0.7076857938687813 0.03295196882777125 0.05392833244192383
0.0 0.4454103286865704 0.6772471650359531 0.031961054873827874 0.047683620129467655
0.0 0.5255850994339382 0.7429487893772533 0.04176313044846332 0.06141387094380013
0.0 0.5399580720401951 0.6718475682806686 0.02891070461663734 0.03806844400666058
0.0 0.45798600751744767 0.6352397251047207 0.02586031507764828 0.028453203596287047
0.0 0.5875063219723835 0.6835085297543273 0.03245649693478594 0.050805973918885174
0.0 0.6200893262058793 0.646328862668583 0.030970170751911753 0.041438912550633054
0.0 0.6416072819280665 0.6253092177955224 0.022159009131219865 0.03395337404875676
0.0 0.6805967643722468 0.7295555142639655 0.0453866693896237 0.06503257808383926
0.0 0.7111446262480621 0.6542872755746103 0.03608005625820239 0.05442462623860047
0.0 0.8053570389497888 0.7225629182092452 0.05271157394126735 0.06315112423865177
0.0 0.8042982901028102 0.6603122751665296 0.042909468534604665 0.04942086869069771
0.0 0.810408872515141 0.6129288138578334 0.03936367621645624 0.036683338778473476
0.0 0.9155552035415446 0.6490603991363265 0.03558462364701569 0.05130233200312828
0.0 0.9893598297932746 0.720386258407806 0.021280340413450817 0.06478446332928423
0.0 0.8763615017325554 0.6344732580933712 0.030474738140724968 0.038316618315160866
0.0 0.9502753907012996 0.6051396758547474 0.033602864852954537 0.038812976399404245
0.0 0.5435598577860778 0.6288633876708796 0.029731639438228187 0.03363312687525042
0.0 0.37354868255083545 0.6942515199912275 0.03228654763446057 0.04012594920864014
