0.0 0.20847323952631963 0.6262184232272788 0.0557456765572645 0.09631213403507974
0.0 0.3931456246808704 0.5910261447785286 0.03101949645531792 0.054149461979710975
0.0 0.517382487897575 0.5999002290349539 0.03675394450575205 0.05890536725723337
0.0 0.6368348812240878 0.6004029356192886 0.0426002057201206 0.06510739767850282
0.0 0.7283414118760648 0.6111119944495191 0.04518803638447899 0.06386985630772175
0.0 0.8581450946534546 0.6182340407648522 0.034389699337732796 0.06303529285635445
0.0 0.28251847179012024 0.581749056013489 0.03630689797578253 0.053120553580914984
0.0 0.20685701288117136 0.5417129975941595 0.03664221292303762 0.05745913874122151
0.0 0.24374850198044254 0.538744771048943 0.026978691555452496 0.03658649035619055
0.0 0.2779962720764348 0.5348448070863774 0.021244219891555716 0.03183061067302315
0.0 0.29705674209087174 0.5254066001057638 0.02045328554837318 0.038957287180341194
0.0 0.3192337166112761 0.5634914255348301 0.030125358300252182 0.04257991339982956
0.0 0.4163070668239383 0.5724484464239682 0.02742575956708615 0.042371250854108575
0.0 0.4788403213495457 0.5627328889030998 0.022705786261047224 0.03338113207036297
0.0 0.5418292596342336 0.5646912270166865 0.024726162965718678 0.042162615892432864
0.0 0.6907535496459674 0.5703813298560286 0.032154346488773376 0.03411132486249215
0.0 0.7609428038289083 0.5758058189626922 0.03282495490161956 0.04278854836150527
0.0 0.8341196347785635 0.5952821405608588 0.018991719178881893 0.0374067657830011
0.0 0.8539023140458889 0.5677142958385076 0.02372025674184499 0.029146863396049216
0.0 0.3441447181618125 0.557415039269278 0.024390886636355403 0.03782403371666199
0.0 0.46758204842411544 0.5414951057304718 0.020461821928237887 0.02170723643590806
0.0 0.6058197726556089 0.5449044549939672 0.02157954984324011 0.036169224412220126
0.0 0.7238750951308839 0.563484657356179 0.026643387349029445 0.03224787860668403
0.0 0.5638687185449974 0.5518461708008481 0.014159977804035152 0.026970443082753537
0.0 0.4347356409827559 0.53604694236257 0.019335583378632216 0.024495301193719586
0.0 0.4050401942213896 0.5337519667377444 0.010789747044560195 0.01808458263237416
0.0 0.6900657965671047 0.5441411229311628 0.019791265005914126 0.0130300169162755
0.0 0.6293336904822768 0.556905563511447 0.022714397744896964 0.016131059710955853
0.0 0.7782537026291456 0.5538662851062023 0.013936441666419696 0.024078035249749073
