0.0 0.9625000059604645 0.7671875059604645 0.053124964237213135 0.09687501192092896
0.0 0.8921875059604645 0.715624988079071 0.050000011920928955 0.07187497615814209
0.0 0.7320312559604645 0.7210937440395355 0.035937488079071045 0.06718748807907104
0.0 0.590624988079071 0.7203125059604645 0.03750002384185791 0.06874996423721313
0.0 0.565625011920929 0.6781249940395355 0.03750002384185791 0.059374988079071045
0.0 0.5374999940395355 0.6585937440395355 0.021874964237213135 0.029687464237213135
0.0 0.6312499940395355 0.675000011920929 0.028124988079071045 0.04062497615814209
0.0 0.6390624940395355 0.637499988079071 0.021874964237213135 0.02499997615814209
0.0 0.7265625 0.63671875 0.02187502384185791 0.02968752384185791
0.0 0.8343750238418579 0.6890625059604645 0.03125 0.043749988079071045
0.0 0.4664062559604645 0.71875 0.032812535762786865 0.05624997615814209
0.0 0.37187498807907104 0.7281249761581421 0.03750002384185791 0.046875
0.0 0.24531251192092896 0.7250000238418579 0.02499997615814209 0.046875
0.0 0.11250001192092896 0.7367187738418579 0.02499997615814209 0.0390625
0.0 0.043749988079071045 0.7312500178813934 0.02187502384185791 0.043749988079071045
0.0 0.9828125238418579 0.6781249940395355 0.03125 0.059374988079071045
0.0 0.9351562559604645 0.664843738079071 0.032812535762786865 0.04843747615814209
