0.0 0.9036349728458657 0.9315680330055042 0.11756601187686258 0.0710135378376835
0.0 0.8327856393877596 0.8814559734062006 0.08930970596328222 0.062125599860431535
0.0 0.8073091381203928 0.7373131524981813 0.08135912085978232 0.048442325929511296
0.0 0.7786128453738195 0.6114146793252753 0.08339421123454001 0.050216914778308384
0.0 0.727047668874144 0.5994188336401198 0.07302879405891298 0.047928885290451716
0.0 0.6999172476746761 0.5791070820624225 0.03712944677110306 0.026750932984288323
0.0 0.7365092890735891 0.6586980107230044 0.05045264279548611 0.034993305643140446
0.0 0.6965851996983297 0.6748164217302346 0.031946738183289726 0.025606918240359988
0.0 0.7129437559721559 0.7530290880159395 0.037129518538709404 0.026750974105362424
0.0 0.7920378609289458 0.836388476764147 0.05452288944671642 0.03854249788767117
0.0 0.7524357051035631 0.5010326369248587 0.06865101632674006 0.04298649074439611
0.0 0.7441948495670856 0.41445295832669676 0.05920822172339655 0.04487820103180136
0.0 0.715828886332458 0.3023623854512468 0.05674787922159776 0.033732157433403256
0.0 0.7026446513913879 0.18107607984531407 0.04811000960800351 0.0318254613445438
0.0 0.6830662992389367 0.12110774136411928 0.05267764430214985 0.030183018337147427
0.0 0.8091612873640326 0.9714166229891041 0.07179862837602755 0.04235588871592224
0.0 0.7850968827201654 0.932163880017292 0.06001313938078203 0.04107976143786498
