0.0 0.5361126202010659 0.6193662923196738 0.19545829463979753 0.1801463056037898
0.0 0.05727591055879555 0.25769773328782 0.11004729510804698 0.13875198226014826
0.0 0.4495736582175164 0.4839547216657071 0.10289542552810431 0.06950654966993533
0.0 0.4746059517844136 0.4071754066850642 0.04539833257432857 0.05064005626404029
0.0 0.5643689280073958 0.4480926928270382 0.06457761137947723 0.06191815642370093
0.0 0.8897972973046873 0.41072092055758525 0.05761958974076027 0.06377020083928153
0.0 0.6676194748634438 0.32806715301317996 0.04537786123464986 0.0431561524559124
0.0 0.09753602187914336 0.33897649352778414 0.04014536601670031 0.03939985495404832
0.0 0.7365694681598319 0.3971061937684853 0.05061048887519544 0.046912307574938784
0.0 0.031424177986448046 0.03356738887134668 0.06284835597289609 0.06713477774269336
