0.0 0.008291566809821438 0.4212127979654384 0.016583133619642875 0.07220834190213936
0.0 0.15026316718246302 0.3829763875115987 0.05053543119655224 0.0696758718683479
0.0 0.30096476155982965 0.3527324940661595 0.042774636953083076 0.06286846998248583
0.0 0.4302326683688998 0.33324630367854313 0.05293054318187691 0.0669810479447754
0.0 0.5307914686532449 0.30875466280857944 0.05362805216409594 0.05731649327433628
0.0 0.658998417424398 0.2849123466713073 0.03740887663494448 0.0533661626352925
0.0 0.7982710381230925 0.25006886055556393 0.043472191617673774 0.05320386391241181
0.0 0.8726059570830674 0.24488474634972585 0.03953079271077868 0.06207841413460402
0.0 0.05477376078665293 0.4459180147596385 0.039455220103395215 0.05550373768253669
0.0 0.7157337460906289 0.3273909457905685 0.03443822974416193 0.041169156767389394
0.0 0.09296438759315515 0.44399966175397987 0.04022837903197618 0.05241387830049238
0.0 0.17783324111475823 0.4750117309831027 0.031194416437448646 0.04037910845403854
0.0 0.2670764269920139 0.456967642312536 0.024631170813251835 0.0322243240734732
0.0 0.21189347382218499 0.46671614148411944 0.03204317963001992 0.043863995760023755
0.0 0.03290713940909107 0.49369706698545046 0.03119443190524431 0.04037911222130397
0.0 0.007608636744230846 0.5003313631346978 0.015217273488461691 0.03436169406372862
0.0 0.0634125762361146 0.4954963229523063 0.02547990234921609 0.035709141143496034
0.0 0.37111441224039743 0.41501646067839787 0.027101825191384155 0.036104231768868233
0.0 0.34289065078813713 0.3978951279897701 0.04107714150353185 0.05589870290504626
0.0 0.2651752660689109 0.4103628696702618 0.03486265037044465 0.042911641189261385
0.0 0.41625487222979257 0.4169428151981066 0.030345684180468614 0.036894228682584275
0.0 0.5477666677494264 0.3784521430534972 0.029921310678588588 0.03515181826394
0.0 0.5733539107609824 0.3565309493617703 0.04262344461391372 0.049719043075123405
0.0 0.6718810400212951 0.35191498792359066 0.032316391728321923 0.03245698680583655
0.0 0.600493537363346 0.3868368871952364 0.02872374731253622 0.036499259692809226
0.0 0.4444872087362183 0.3953003142968733 0.03760651684687879 0.035384539930469305
0.0 0.5045968917456832 0.3705084054941944 0.03571142830979594 0.0463964695610807
