0.0 0.9245942729933668 0.9368490739086208 0.1064920944414947 0.05764504769016696
0.0 0.97276976779054 0.9214427908621714 0.015595378858206744 0.033488718255663484
0.0 0.5137722872438841 0.446899970798064 0.20610618010589085 0.17487577505149607
0.0 0.6610330630431196 0.8620913769077605 0.12474166559003423 0.12682181737836018
0.0 0.5019483411449503 0.5665871003059164 0.10013728795032062 0.07357676306161887
0.0 0.4404865237027879 0.6073276784086706 0.050032151416125006 0.04595316005110535
0.0 0.39720350792293735 0.5471665568888266 0.07001416725964868 0.060379198111844355
0.0 0.13686252309440666 0.4469753521596796 0.06395956328857737 0.05942798438208356
0.0 0.2541541718644319 0.5839827806095291 0.04806399057959756 0.0428222504090872
0.0 0.6777689485620708 0.795054789733724 0.04284123241253122 0.037769147536964275
0.0 0.24201692536522607 0.5131511987229095 0.05434591876643857 0.04522005503983859
