0.0 0.40134903234995695 0.39562744702350805 0.05239492503133967 0.07215544212624088
0.0 0.42918807087418787 0.44160535223528863 0.03268950845286263 0.048394540197712034
0.0 0.5312871963513193 0.4666737659078725 0.03695069822157464 0.04691776590128312
0.0 0.6363850790413437 0.4874967323489489 0.03851044022837495 0.048562218942716485
0.0 0.7341788095886409 0.5115080677589938 0.03613851534180244 0.05302589122877412
0.0 0.8078205660596127 0.5303010312234091 0.044331337652518954 0.04872993737613331
0.0 0.9185304390735431 0.5574836724751947 0.03695069822157482 0.04691776590128312
0.0 0.33024934495284375 0.45147364533170126 0.04253037666910853 0.05081077267134741
0.0 0.35533408793476595 0.46617291622709817 0.028251570111808722 0.0397358133599397
0.0 0.43903757710761704 0.4732026776659966 0.03161228567561203 0.039299482316076696
0.0 0.5611803487584852 0.5095976026951549 0.028734148839912165 0.03228527125116054
0.0 0.6289893208073596 0.5362103431302708 0.02987593587135322 0.02751956270495768
0.0 0.7016099575490445 0.5511942019285468 0.028163278786671953 0.03466813128501443
0.0 0.7593928172517355 0.5575531203626334 0.03416086528460412 0.04497128812120969
0.0 0.7975143825760374 0.5775883717674871 0.03233616465665516 0.02812362370374295
0.0 0.8756942024993961 0.5725866839562548 0.02693314093154058 0.034366095024869384
0.0 0.868772414725609 0.6007778460426474 0.02561469917767987 0.028996325479881423
0.0 0.38615146508026765 0.48939658205008546 0.026273966979571295 0.03168122177388062
0.0 0.5462186709275468 0.5386614979233973 0.025614699177680045 0.028996325479881336
0.0 0.483889162967043 0.5269161237244322 0.025944303329348894 0.03033874226116966
0.0 0.9259401992139381 0.60698577195162 0.02858118683707005 0.04107828135114548
0.0 0.5988721127476391 0.5473194312580829 0.024472959071199885 0.03376204554758946
