0.0 0.07569048216270155 0.5500656106627242 0.049275428035405654 0.0866171543580169
0.0 0.13560232099956787 0.515415484090888 0.04446120896561836 0.05686406463820868
0.0 0.17338104656298015 0.49390403784970954 0.02915945338178192 0.0461097964079646
0.0 0.19654577929898961 0.4743896799030411 0.03335446534327095 0.038510214752120665
0.0 0.267174393044539 0.461828301515375 0.023852474518486756 0.03007418636861816
0.0 0.2987462809482449 0.46984461084068635 0.019691743190310217 0.021122598483343503
0.0 0.35995856317758107 0.5066464153731369 0.0245402098238086 0.03432456594336895
0.0 0.4249191836133626 0.5026183236595594 0.028242468765515127 0.04044251769619658
0.0 0.27775614876808563 0.5333280870536689 0.03681033222599295 0.051486957009445077
0.0 0.4078348572305156 0.5463790397047009 0.03518846113802252 0.04984477647357277
0.0 0.5148120502703467 0.5520572937385395 0.03658109166018795 0.05007011191962363
0.0 0.5821251154988459 0.5644028401080246 0.029159440100673083 0.04610979425900652
0.0 0.6895693786979857 0.5716105550564722 0.028242495327732976 0.04044252199411273
0.0 0.7970478870596814 0.5962707521576858 0.026408508278121447 0.0291080143198565
0.0 0.727110297909835 0.5471528022736238 0.025932849091114107 0.0345499554366155
0.0 0.1280521982942744 0.4516757486960213 0.028259604546202487 0.032166984823875124
0.0 0.09741443864376874 0.44671841470988427 0.02593284909111404 0.0345499554366155
0.0 0.8513431534399352 0.5963325747547128 0.02499874407985434 0.03715826471884398
0.0 0.6715455771152448 0.550520373854366 0.01782348004335521 0.026339208451967976
0.0 0.6774085836453398 0.523117813984886 0.017594234941581365 0.024922415260384235
0.0 0.6155513737387184 0.51238202657212 0.022001398172069208 0.027015219088036523
0.0 0.34376878395180943 0.47422167674749477 0.02339397556979894 0.02724054593825507
0.0 0.5586197493349344 0.5286135688906854 0.02314758804678325 0.03409928454451387
0.0 0.3997115953719683 0.48618136621062885 0.020591598666444267 0.03506541114191197
0.0 0.15286449931212964 0.44405926137613666 0.017594226196441243 0.024922361213188537
0.0 0.07689463811373853 0.4543024818356862 0.01408696606731379 0.03677237775013413
0.0 0.580056557374723 0.5153621947283906 0.023394002132016922 0.027240550236171224
0.0 0.4852605692363108 0.5094740708770946 0.020379487240771967 0.02537303210529025
0.0 0.50162819269895 0.5143033293194852 0.021067213474156077 0.02962351547651636
0.0 0.5446592477025906 0.5089077678968417 0.01620163098163374 0.024697084112249624
