0.0 0.78125 0.596875011920929 0.04375004768371582 0.05312502384185791
0.0 0.9789062738418579 0.6062500178813934 0.0390625 0.059374988079071045
0.0 0.8851562440395355 0.559374988079071 0.029687464237213135 0.05312502384185791
0.0 0.813281238079071 0.5492187440395355 0.03281247615814209 0.042187511920928955
0.0 0.7437499761581421 0.5562500059604645 0.03125 0.034375011920928955
0.0 0.6226562261581421 0.59375 0.0390625 0.0625
0.0 0.5062499940395355 0.5999999940395355 0.037499964237213135 0.053124964237213135
0.0 0.35624998807907104 0.5999999940395355 0.03750002384185791 0.056250035762786865
0.0 0.1703125238418579 0.624218761920929 0.03125 0.04531252384185791
0.0 0.07500001788139343 0.6156249940395355 0.028124988079071045 0.056250035762786865
0.0 0.6843750178813934 0.5492187440395355 0.028124988079071045 0.045312464237213135
0.0 0.6507812440395355 0.53125 0.026562511920928955 0.03437495231628418
0.0 0.569531261920929 0.5359375178813934 0.03281247615814209 0.043749988079071045
0.0 0.47968751192092896 0.518750011920929 0.02499997615814209 0.02499997615814209
0.0 0.2250000238418579 0.5554687678813934 0.03125 0.042187511920928955
0.0 0.31953126192092896 0.571093738079071 0.0234375 0.03281247615814209
0.0 0.2890625 0.5398437678813934 0.02187502384185791 0.035937488079071045
0.0 0.38593751192092896 0.5515625178813934 0.02499997615814209 0.034375011920928955
0.0 0.731249988079071 0.5085937678813934 0.02499997615814209 0.026562511920928955
0.0 0.921875 0.5 0.02499997615814209 0.02499997615814209
0.0 0.84375 0.5093750059604645 0.02812504768371582 0.034375011920928955
0.0 0.9375 0.54296875 0.02812504768371582 0.04531252384185791
0.0 0.9851562678813934 0.4937500059604645 0.026562511920928955 0.034375011920928955
0.0 0.36328125 0.5249999761581421 0.02031254768371582 0.03125
0.0 0.5296874940395355 0.5374999940395355 0.018750011920928955 0.034375011920928955
0.0 0.784375011920929 0.512499988079071 0.02187502384185791 0.03125
0.0 0.4781250059604645 0.5718750059604645 0.025000035762786865 0.040625035762786865
0.0 0.41328126192092896 0.543749988079071 0.01718747615814209 0.03125
0.0 0.6281249821186066 0.5218749940395355 0.018750011920928955 0.034375011920928955
