0.0 0.8035159653267552 0.3222919336660983 0.06288256774485612 0.0928748373413101
0.0 0.6922747888936354 0.3929849969342464 0.04852591617533495 0.06842116459104855
0.0 0.5692052096428245 0.405114512909706 0.04066487658319042 0.056048171253212244
0.0 0.5287854349193923 0.44975966857804195 0.03417496194455403 0.05007705616309739
0.0 0.48715463712630563 0.47541451707575266 0.026656667686848934 0.0393044227550992
0.0 0.7447085302544199 0.42443948718449775 0.03861960965718847 0.05866425504578578
0.0 0.43932559654468123 0.4387891013860396 0.04579506072945962 0.06783630368216773
0.0 0.3126852761162273 0.4675852864573192 0.047166198758612186 0.07423824298320056
0.0 0.1604279382951897 0.4834549894674458 0.03350077442364365 0.059095037574860586
0.0 0.026617824960356085 0.5121128196752944 0.043064283412942286 0.06725145950606812
0.0 0.6593732758469667 0.4460633397363701 0.03314661490642701 0.04527557394946378
0.0 0.6052653788549476 0.45346675372123724 0.026656700267790524 0.039304458859348836
0.0 0.3826951351450549 0.4910908092854168 0.03554031148404881 0.05036941162024169
0.0 0.09954971257624201 0.5592638694760484 0.03724853025209689 0.05226235742659631
0.0 0.07039031015960993 0.5964757717260518 0.029387529670546475 0.039889314190635884
0.0 0.35882315387983177 0.5229855694743397 0.02938747758430793 0.039889303035448354
0.0 0.49947733488678114 0.5129486406348814 0.023240301850458334 0.0355186338775451
0.0 0.5650198254951477 0.5022593283135482 0.02050383378710787 0.028824314170305777
0.0 0.12822898510532715 0.55981725135607 0.029730249070036362 0.04148978507190977
0.0 0.24651112886730417 0.5386697414943161 0.023925870865034594 0.0387196035280617
0.0 0.17603531473177342 0.5696653132195295 0.016750361168702543 0.029547513209836396
0.0 0.34039864040289086 0.5369748599449797 0.019823955519364667 0.031732820050929075
0.0 0.4271106324354121 0.528447263612583 0.02391448283354638 0.026500621939126123
0.0 0.41888414619812886 0.49003583210746154 0.02460001926718105 0.029701555485392994
0.0 0.46772449405015326 0.5113796569987477 0.02324029531263596 0.03551860335088941
0.0 0.276207357134117 0.5306359092283213 0.03281517936594809 0.05589406234675023
0.0 0.19327431913406418 0.5668102223612002 0.031438454762439824 0.043382669824952556
0.0 0.5759119155901258 0.46310110133914606 0.029387503627427147 0.039889308613042115
