0.0 0.8227810247322956 0.24405102600609468 0.06254689926586252 0.11637355182019515
0.0 0.6891129438834034 0.17317547701329983 0.06668379637052872 0.10247893865853455
0.0 0.5460463064355934 0.15563995895817412 0.05211497351592147 0.09375563076092393
0.0 0.4343384782365872 0.1766572119518775 0.0703368558056309 0.10014996767230433
0.0 0.3391803539712255 0.180590281615183 0.05484391521065653 0.09651871282925825
0.0 0.7757014413506562 0.47432546414000304 0.05334794005165513 0.11188165337301123
0.0 0.566064177890542 0.4457583264230335 0.07104137980853187 0.11050768593104872
0.0 0.3444532707309828 0.4801113604826085 0.060125666759542715 0.09945543505386664
0.0 0.14791048895324882 0.4381271512800112 0.04001203588184221 0.12128437712295162
0.0 0.7293445968376556 0.07185551190671055 0.0648355118578035 0.11266303643963231
0.0 0.8910678872460686 0.26755607648153856 0.04718553349914263 0.09599778332497229
0.0 0.26324964605884565 0.4108533552208963 0.05739672506480753 0.09669235298553244
0.0 0.9302410667819612 0.2383533010331428 0.041815716869823306 0.09176635249170792
0.0 0.9557250593271283 0.24073705810603316 0.02570631651252242 0.07907207565119934
