0.0 0.9500000011175871 0.21875 0.05937499925494194 0.078125
0.0 0.8765624985098839 0.2718749940395355 0.04375000298023224 0.059374988079071045
0.0 0.7218749970197678 0.2640625238418579 0.028125017881393433 0.046875
0.0 0.5843749940395355 0.265625 0.034375011920928955 0.046875
0.0 0.4593749940395355 0.27265626192092896 0.034375011920928955 0.04843747615814209
0.0 0.36406248807907104 0.2640624940395355 0.03750002384185791 0.040625035762786865
0.0 0.24375000596046448 0.26249998807907104 0.025000035762786865 0.03750002384185791
0.0 0.10781249403953552 0.2578125 0.021874964237213135 0.04062497615814209
0.0 0.04062500596046448 0.26093748211860657 0.025000035762786865 0.043749988079071045
0.0 0.9757812507450581 0.3125 0.03281249850988388 0.0625
0.0 0.8234375044703484 0.30000001192092896 0.03437499701976776 0.03750002384185791
0.0 0.7843750044703484 0.3109374940395355 0.02812500298023224 0.037499964237213135
0.0 0.5578124970197678 0.3109374940395355 0.028125017881393433 0.034375011920928955
0.0 0.719531238079071 0.3531250059604645 0.0234375 0.028124988079071045
0.0 0.9249999988824129 0.3257812559604645 0.0312500037252903 0.048437535762786865
0.0 0.8546874970197678 0.34687498211860657 0.021874994039535522 0.028124988079071045
0.0 0.6257812529802322 0.3109375238418579 0.026562482118606567 0.03125
0.0 0.5343749970197678 0.33124998211860657 0.018749982118606567 0.028124988079071045
0.0 0.3343749940395355 0.3125 0.028124988079071045 0.02812504768371582
0.0 0.19062501192092896 0.31562498211860657 0.02499997615814209 0.028124988079071045
0.0 0.8343749940395355 0.35468751192092896 0.015625 0.02499997615814209
0.0 0.6843750029802322 0.34375 0.021874994039535522 0.02499997615814209
0.0 0.4937499910593033 0.33906248211860657 0.015625029802322388 0.028124988079071045
0.0 0.3968749940395355 0.3101562559604645 0.021874964237213135 0.032812535762786865
0.0 0.24843749403953552 0.32500001788139343 0.021874964237213135 0.028124988079071045
0.0 0.31953126192092896 0.34062501788139343 0.01718747615814209 0.028124988079071045
0.0 0.635937511920929 0.3499999940395355 0.015625 0.028124988079071045
0.0 0.46015626192092896 0.3203125 0.0234375 0.01874995231628418
0.0 0.8874999992549419 0.3414062559604645 0.02499999850988388 0.035937488079071045
0.0 0.3687500059604645 0.32890626788139343 0.021874964237213135 0.026562511920928955
