0.0 0.04375000111758709 0.5687500238418579 0.05000000074505806 0.0625
0.0 0.04375000111758709 0.47343748807907104 0.03437500074505806 0.03125
0.0 0.09687500074505806 0.46875 0.028124995529651642 0.028124988079071045
0.0 0.08749999850988388 0.5187499821186066 0.03437499701976776 0.043749988079071045
0.0 0.13671875 0.528124988079071 0.029687494039535522 0.05312502384185791
0.0 0.17734374850988388 0.5093750059604645 0.029687508940696716 0.043749988079071045
0.0 0.20000000298023224 0.46562500298023224 0.025000005960464478 0.028125017881393433
0.0 0.23984375596046448 0.48125000298023224 0.0234375 0.03437498211860657
0.0 0.24921875447034836 0.559374988079071 0.039062514901161194 0.0625
0.0 0.2874999940395355 0.5093750059604645 0.018750011920928955 0.040625035762786865
0.0 0.2992187440395355 0.4703125059604645 0.020312488079071045 0.028124988079071045
0.0 0.3375000059604645 0.5171875059604645 0.028124988079071045 0.050000011920928955
0.0 0.375 0.4906249940395355 0.02187502384185791 0.034375011920928955
0.0 0.39921875298023224 0.4781249910593033 0.014062494039535522 0.03749999403953552
0.0 0.40937499701976776 0.5484375059604645 0.028125017881393433 0.06874996423721313
0.0 0.45781250298023224 0.49687498807907104 0.025000005960464478 0.046875
0.0 0.48124998807907104 0.4937500059604645 0.015625 0.043749988079071045
0.0 0.5250000059604645 0.551562488079071 0.034375011920928955 0.05624997615814209
0.0 0.551562488079071 0.5179687440395355 0.02499997615814209 0.035937488079071045
0.0 0.6031250059604645 0.49609375 0.018750011920928955 0.0390625
0.0 0.6312499940395355 0.503125011920929 0.028124988079071045 0.03750002384185791
0.0 0.6812500059604645 0.5562500059604645 0.028124988079071045 0.053124964237213135
0.0 0.6585937440395355 0.4781250059604645 0.020312488079071045 0.03125
0.0 0.739062488079071 0.48906250298023224 0.02499997615814209 0.04375001788139343
0.0 0.7125000059604645 0.5234375 0.025000035762786865 0.04062497615814209
0.0 0.7992187440395355 0.503125011920929 0.029687464237213135 0.046875
0.0 0.8687500059604645 0.5640625059604645 0.043749988079071045 0.053124964237213135
0.0 0.96484375 0.555468738079071 0.02968752384185791 0.06406247615814209
