0.0 0.9559737429422095 0.6416774172138209 0.0880525141155811 0.1736480211774479
0.0 0.8447631696983677 0.5160503437623631 0.07487161584613648 0.13730872317491016
0.0 0.7842400199151982 0.506742557487281 0.04263358049623704 0.11520607805635183
0.0 0.6206816449606916 0.5172712559135759 0.059120573071186566 0.09778048326881121
0.0 0.5487603840283993 0.618211225689852 0.08488736581319953 0.13333170805733685
0.0 0.5003011829871263 0.4170598275742884 0.061370443565859564 0.0871413429932811
0.0 0.4925370270391968 0.5262969577388653 0.060972110618310094 0.08095342811965249
0.0 0.4273047534077087 0.5242826099812035 0.05117579791476379 0.1111342076320466
0.0 0.2957439473844944 0.4457616408583654 0.059299412545699724 0.07776463012925908
0.0 0.3228264323514599 0.5791632505651396 0.06455716525517544 0.13664469510697605
0.0 0.19134744639570736 0.6513159336185508 0.07694259065677693 0.14668543242057225
0.0 0.10373251085787252 0.5544321573959797 0.05706981568987084 0.11151362162225391
0.0 0.15709582491172908 0.46400713340844774 0.06117127804178548 0.08404740030961957
0.0 0.22471810192671762 0.5031490589267984 0.05802510173075666 0.08076372112454874
0.0 0.9013325306296233 0.44095282942634506 0.047432121232710144 0.09856864138338003
0.0 0.824022798255467 0.38923071504252915 0.06007586101147346 0.06703061227741162
