0.0 0.577920934162446 0.9911801546194429 0.05487428912106429 0.017639690761114046
0.0 0.5215453167755859 0.9532561904950143 0.03896316857967621 0.03388781443348972
0.0 0.5549944692608234 0.8399302795595128 0.05487429120776817 0.05538627972715062
0.0 0.5096960753044085 0.8619177824826456 0.03232044732360846 0.03107369843229968
0.0 0.5110380029715325 0.7674911024202714 0.051853659767049455 0.04459596634061995
0.0 0.49050165882408703 0.7301271663891049 0.039066400659824474 0.027044531808350137
0.0 0.4714285872368098 0.8238641388356971 0.026844694389683087 0.03531301571240917
0.0 0.45455913101638645 0.7179574485752859 0.02694790224277375 0.028469729078978913
0.0 0.4558651978333657 0.6706390500327302 0.029488284384841634 0.028890060016431462
0.0 0.5157708479620091 0.646234822580338 0.047064547610898975 0.045518688794656904
0.0 0.469873241663923 0.6212191321201534 0.03144522247313759 0.025783631879680514
0.0 0.43822157270856155 0.6192092965493868 0.024991007044049062 0.03157613159888788
0.0 0.4650774075031607 0.5685695694685668 0.04423243312624727 0.04333505839536951
0.0 0.4829745437151656 0.4795562041903484 0.05643620529012905 0.05735975947027798
0.0 0.4636342489500233 0.3468839403700354 0.05018848937748262 0.0494657652143418
0.0 0.4288812151131217 0.44049764376008904 0.03475759738552782 0.03833731199489181
0.0 0.4388767990302666 0.5285194985963887 0.03769298683989906 0.03367763415219738
0.0 0.4215270841799354 0.41182254339543595 0.03721268908713302 0.023307643686538527
0.0 0.398187714141425 0.270753705594036 0.03446587257637006 0.0365739156410787
0.0 0.3987554635729113 0.23080398112958633 0.04648111468621483 0.04199199698729923
0.0 0.3720655968431062 0.19174063932469604 0.03134196060138779 0.032626876863107016
0.0 0.4315425894861152 0.15291434015046623 0.057809643337111985 0.05072666113472106
0.0 0.3977634490312065 0.12227040087118968 0.041983800020394924 0.04467812782002055
0.0 0.3636925520066564 0.08986316613836862 0.04081682613370865 0.037624660905297924
0.0 0.36536888981046883 0.013821549634247313 0.05185365420250547 0.027643099268494627
0.0 0.4798891145280223 0.8750015721668989 0.026844694389683 0.03531301571240917
0.0 0.51173148451363 0.8190077775408696 0.0369030440830751 0.04383751639524984
0.0 0.41958133871738373 0.3369618771690158 0.03729799819010937 0.03875761330721188
