0.0 0.9562499821186066 0.5687500238418579 0.050000011920928955 0.0625
0.0 0.9562499821186066 0.47343748807907104 0.034375011920928955 0.03125
0.0 0.9031250178813934 0.46875 0.028124988079071045 0.028124988079071045
0.0 0.9124999940395355 0.5187499821186066 0.034375011920928955 0.043749988079071045
0.0 0.86328125 0.528124988079071 0.02968752384185791 0.05312502384185791
0.0 0.8226562440395355 0.5093750059604645 0.029687464237213135 0.043749988079071045
0.0 0.800000011920929 0.46562500298023224 0.02499997615814209 0.028125017881393433
0.0 0.7601562738418579 0.48125000298023224 0.0234375 0.03437498211860657
0.0 0.750781238079071 0.559374988079071 0.0390625 0.0625
0.0 0.7125000059604645 0.5093750059604645 0.018750011920928955 0.040625035762786865
0.0 0.7007812559604645 0.4703125059604645 0.020312488079071045 0.028124988079071045
0.0 0.6624999940395355 0.5171875059604645 0.028124988079071045 0.050000011920928955
0.0 0.625 0.4906249940395355 0.02187502384185791 0.034375011920928955
0.0 0.600781261920929 0.4781249910593033 0.01406252384185791 0.03749999403953552
0.0 0.5906250178813934 0.5484375059604645 0.028124988079071045 0.06874996423721313
0.0 0.542187511920929 0.49687498807907104 0.02499997615814209 0.046875
0.0 0.518750011920929 0.4937500059604645 0.015625 0.043749988079071045
0.0 0.4749999940395355 0.551562488079071 0.034375011920928955 0.05624997615814209
0.0 0.44843751192092896 0.5179687440395355 0.02499997615814209 0.035937488079071045
0.0 0.3968749940395355 0.49609375 0.018750011920928955 0.0390625
0.0 0.3687500059604645 0.503125011920929 0.028124988079071045 0.03750002384185791
0.0 0.3187499940395355 0.5562500059604645 0.028124988079071045 0.053124964237213135
0.0 0.3414062559604645 0.4781250059604645 0.020312488079071045 0.03125
0.0 0.26093751192092896 0.48906250298023224 0.02499997615814209 0.04375001788139343
0.0 0.2874999940395355 0.5234375 0.025000035762786865 0.04062497615814209
0.0 0.20078125596046448 0.503125011920929 0.029687464237213135 0.046875
0.0 0.13124999403953552 0.5640625059604645 0.043749988079071045 0.053124964237213135
0.0 0.03515625 0.555468738079071 0.02968752384185791 0.06406247615814209
