0.0 0.9195235267262625 0.3385026945185782 0.046662647705667304 0.08543522850127587
0.0 0.8751096606636548 0.38899539241506553 0.04227372663939288 0.05585893157336939
0.0 0.8470038011768584 0.4205148879504136 0.027654408348539404 0.04542519875725173
0.0 0.8316362805051302 0.44582588337443124 0.03174656512106733 0.037768120255370796
0.0 0.7709311354409076 0.4785843645749955 0.022682388890422 0.02953619890147623
0.0 0.7397728852503007 0.48032923182280046 0.01875535572097 0.020689127720041167
0.0 0.6730894076106689 0.46359551640177654 0.023309368232372486 0.03376132273558543
0.0 0.6150353887181883 0.48660443102781936 0.02681843269362405 0.03979159475112173
0.0 0.7401830578745863 0.4140555125541643 0.03496406829371157 0.05064209155547332
0.0 0.6177032373855741 0.44014744614985774 0.033418541923240674 0.04903533205051911
0.0 0.5184669673290949 0.4663886934287076 0.034755079953323074 0.049233665109500266
0.0 0.4534361306932565 0.4745994074860146 0.027654395602368088 0.04542519686580748
0.0 0.3533225985077527 0.49953144668298516 0.02681845818596664 0.039791598534010306
0.0 0.24802805453745483 0.507959357385331 0.02514648935636954 0.02852444046490952
0.0 0.3263029926769123 0.5337685800562129 0.024645914235031263 0.03395970952061411
0.0 0.9008031657302039 0.4470772871297538 0.026900989721566758 0.031539571744067275
0.0 0.9302068868767279 0.44271394951928206 0.024645914235031263 0.0339597095206142
0.0 0.19849376645606667 0.5239463691297326 0.02372739589783488 0.03657818319330843
0.0 0.3759830677756897 0.5141613827733809 0.01691826806189205 0.025926067499653094
0.0 0.37872193375655383 0.5418234543453411 0.01670927494790848 0.024517692888283447
0.0 0.4383021559672969 0.5337018526809171 0.020927907644481537 0.026521070459484975
0.0 0.6974218281884366 0.4894926680702089 0.022264394689878664 0.026719395952689063
0.0 0.4854329873612812 0.5015182911385495 0.02197283817486655 0.033563043402651795
0.0 0.6428742604544715 0.49470832185560604 0.019508780721028084 0.034574755678947786
0.0 0.8804223431000991 0.4616169279047947 0.01670926697533215 0.02451763916223575
0.0 0.9466826132369028 0.4294735195260996 0.013244104985790806 0.03639989633254146
0.0 0.46979324835971836 0.5203923546385637 0.0222644201822213 0.026719399735577555
0.0 0.5579824643101038 0.4979495233582435 0.019382343035496862 0.02491430528019798
0.0 0.5416305740364209 0.49821689496569393 0.020009312830257375 0.02913953278351391
0.0 0.503979324475925 0.516039069746116 0.015372762410168762 0.024319363612190514
