0.0 0.7210937440395355 0.9226562511175871 0.17031246423721313 0.08281249925494194
0.0 0.5875000059604645 0.8132812529802322 0.13437503576278687 0.0703125
0.0 0.57421875 0.7499999925494194 0.11406254768371582 0.037500008940696716
0.0 0.57421875 0.5765625089406967 0.09531247615814209 0.05625000596046448
0.0 0.6710937321186066 0.4937500059604645 0.12968748807907104 0.08125001192092896
0.0 0.46562500298023224 0.45624998211860657 0.08437499403953552 0.059374988079071045
0.0 0.574999988079071 0.44062498211860657 0.078125 0.059374988079071045
0.0 0.5687500238418579 0.37187498807907104 0.109375 0.046875
0.0 0.48125000298023224 0.23828125 0.07500001788139343 0.05781245231628418
0.0 0.6171875 0.2578125 0.1343749761581421 0.05937504768371582
0.0 0.6812500059604645 0.11406248807907104 0.14375001192092896 0.07187497615814209
0.0 0.578125 0.028124988079071045 0.109375 0.05312502384185791
0.0 0.4906249940395355 0.09062501788139343 0.08125001192092896 0.059374988079071045
0.0 0.534375011920929 0.15937501192092896 0.078125 0.05624997615814209
0.0 0.5156249850988388 0.8781250007450581 0.09687498211860657 0.04374999552965164
0.0 0.4585937410593033 0.8000000044703484 0.06406250596046448 0.05937500298023224
