0.0 0.4438239926881355 0.3396742151180464 0.1518414078637204 0.20575752075755896
0.0 0.6343990608758094 0.8364943930649789 0.11162742505725945 0.11935699502807857
0.0 0.5273677206300263 0.4360522080401587 0.06219801213219291 0.10593478998333321
0.0 0.5844781703911495 0.4190803177569534 0.04142855533694885 0.04861808740175864
0.0 0.5675958252144178 0.3284746812113498 0.051847240477194134 0.0682060860043566
0.0 0.6365700967342022 0.024144769158313963 0.05222948811311197 0.048289538316627925
0.0 0.6653023965532442 0.23997190560268625 0.0361852427401713 0.047894344541221615
0.0 0.5827173754909667 0.7899372710224639 0.03286706065343079 0.0424864347187107
0.0 0.6259716847193479 0.1668370197342552 0.03950334253029997 0.05330236889048105
0.0 0.7958014604888393 0.9059084993897109 0.08255697773565815 0.11369472490763126
