0.0 0.2207347262329722 0.7329561727455338 0.05733711687629119 0.07799565234108075
0.0 0.2750725737681802 0.6951819716699449 0.03498673062313538 0.05270243378405981
0.0 0.413705012726539 0.708903653084114 0.04136018721356534 0.050255790495649856
0.0 0.5543045259287784 0.72831211378657 0.04318433392380357 0.05197505242805374
0.0 0.6870910311676636 0.7414551426506006 0.038788708756477594 0.057694938207979794
0.0 0.7873841231998056 0.750597438665953 0.051381815660290805 0.05124771773782664
0.0 0.9377084543270513 0.7654763378388558 0.041360219071443896 0.05025579364889961
0.0 0.1551639700369012 0.6456532630211171 0.048348896575789425 0.05402500291475398
0.0 0.19283277475508068 0.639966576179425 0.030723353781863815 0.043048012275833526
0.0 0.300774286564367 0.6655577161957382 0.035580345799240166 0.04199004042696393
0.0 0.4693285994902908 0.6751796661765823 0.03314102596190453 0.03405493067017042
0.0 0.5656106516308149 0.6737252520044705 0.03586634255391772 0.028169720004423304
0.0 0.6630138577473398 0.6865044345235628 0.03177839952377646 0.036997539156293516
0.0 0.738165228406527 0.7025733311632029 0.03786585935952909 0.04837121629042418
0.0 0.7944377336144302 0.6963742473822169 0.039206895988785816 0.028500363469565658
0.0 0.8903689328010275 0.7325454532636371 0.03010809094846394 0.036832214270472896
0.0 0.8935989115576813 0.6999123672734141 0.02949285410560911 0.03061636013958351
0.0 0.241292230080145 0.6275019965513607 0.029800504384915084 0.033724290358278085
0.0 0.4628445711553132 0.6384466962393488 0.0294928541056092 0.030616360139583597
0.0 0.379715591351289 0.6262957487078054 0.029646692240534688 0.03217029718616669
0.0 0.967915130862879 0.7158985718307547 0.030877134068365564 0.04460200229469526
0.0 0.5325345137260383 0.6500520447401146 0.026767601229353045 0.03650157711183013
