0.0 0.765625 0.41874998807907104 0.05624997615814209 0.10000002384185791
0.0 0.5562499761581421 0.47187501192092896 0.03125 0.05624997615814209
0.0 0.4124999940395355 0.47265625 0.037499964237213135 0.06093752384185791
0.0 0.2750000059604645 0.4820312559604645 0.043749988079071045 0.06718748807907104
0.0 0.16874998807907104 0.4781250059604645 0.046875 0.06562501192092896
0.0 0.018749982118606567 0.48125000298023224 0.034375011920928955 0.06562498211860657
0.0 0.684374988079071 0.47265625 0.03750002384185791 0.0546875
0.0 0.7750000059604645 0.5093750059604645 0.037499964237213135 0.059374988079071045
0.0 0.7328124940395355 0.515625 0.028124988079071045 0.03750002384185791
0.0 0.6937499940395355 0.5226562470197678 0.021874964237213135 0.03281250596046448
0.0 0.6726562678813934 0.5343749970197678 0.020312488079071045 0.04062500596046448
0.0 0.643750011920929 0.49531249701976776 0.03125 0.04375001788139343
0.0 0.53125 0.4937500059604645 0.02812504768371582 0.043749988079071045
0.0 0.46015626192092896 0.5093750059604645 0.0234375 0.034375011920928955
0.0 0.38749998807907104 0.5125000178813934 0.02499997615814209 0.043749988079071045
0.0 0.21562501788139343 0.5187499970197678 0.034375011920928955 0.03437498211860657
0.0 0.13437500596046448 0.5187499970197678 0.034375011920928955 0.04375001788139343
0.0 0.04843750596046448 0.50390625 0.018750011920928955 0.0390625
0.0 0.028124988079071045 0.53515625 0.02499997615814209 0.02968752384185791
0.0 0.6156249940395355 0.50390625 0.025000035762786865 0.0390625
0.0 0.4749999940395355 0.53125 0.021874964237213135 0.02187502384185791
0.0 0.31562501192092896 0.5390625 0.02187502384185791 0.03750002384185791
0.0 0.17812499403953552 0.5289062410593033 0.028124988079071045 0.03281250596046448
0.0 0.36328125 0.5281250029802322 0.01406252384185791 0.028125017881393433
0.0 0.5132812559604645 0.5343749970197678 0.020312488079071045 0.025000005960464478
0.0 0.5476562678813934 0.5343749970197678 0.010937511920928955 0.018749982118606567
0.0 0.21875 0.546875 0.02187502384185791 0.012499988079071045
0.0 0.2874999940395355 0.528124988079071 0.025000035762786865 0.015625
0.0 0.11640626192092896 0.5437500029802322 0.01406252384185791 0.025000005960464478
