0.0 0.9164352850549469 0.46083400722485895 0.04239553363760358 0.06262656082801384
0.0 0.8579232050712701 0.5107076902554168 0.047110558108163045 0.05979262969507868
0.0 0.7954285118348288 0.458133998997629 0.02834870549913404 0.04330195691897174
0.0 0.7019432225962493 0.5254802154742302 0.047110495992161903 0.0597926262900728
0.0 0.7117818374813508 0.4666081020480899 0.026295324335520398 0.03545829374566996
0.0 0.6282136909558907 0.49141107011134855 0.03725556757727668 0.05770621274319847
0.0 0.5906410240665595 0.47635974357051697 0.021920422745989397 0.04449580500934598
0.0 0.6698048254562243 0.43079838240213403 0.030755240710927546 0.027971669268251544
0.0 0.5721473099090728 0.43692942208821195 0.024326894220259198 0.02916548437291482
0.0 0.5304057285102808 0.4501063503642214 0.024496984286490876 0.032267231769730564
0.0 0.5215447493617107 0.5268136043734157 0.03854381404648244 0.051591865259477565
0.0 0.4895142933487285 0.4787921169221009 0.021410335652254097 0.035190513872506025
0.0 0.4809606171875272 0.44192800756348005 0.02741354609754012 0.02624226143154944
0.0 0.44173350969528774 0.48607790733760403 0.03674541512449592 0.048400859039942554
0.0 0.36651299013495775 0.5290898043576521 0.0488238801282721 0.06143274572335047
0.0 0.244558021481528 0.5388860605010862 0.04197052668879038 0.05487221904384727
0.0 0.32025912409484986 0.47484802348846084 0.0328936971548968 0.03736619305211146
0.0 0.40056410545646254 0.4650015842828921 0.02826369233478019 0.04175109971341939
0.0 0.29322162651789385 0.4732190557112029 0.01857872651107968 0.04276636759193879
0.0 0.16295490090897738 0.48035990177214655 0.031265327804662756 0.03727696040509141
0.0 0.1275991577971543 0.4908534725582333 0.035287137462015575 0.05141340337044324
0.0 0.08720139897174642 0.46895704711832786 0.027838616783876936 0.03399663620142679
0.0 0.06544131424442565 0.5487046808204727 0.042480612161003385 0.06417748059998223
0.0 0.03100429196164951 0.5163705248232702 0.03820375814602186 0.04538837727585783
0.0 0.005392094752548282 0.48412559636557884 0.010784189505096565 0.045031335174968753
0.0 0.7170264966071331 0.42820983738570534 0.030755302826928864 0.027971672673257418
0.0 0.6741110895271862 0.4795618650719426 0.03786370224556137 0.039184889292238
0.0 0.22632586888676762 0.4893304046581579 0.033063726726649145 0.040467966624626504
