0.0 0.7584042048018164 0.2315458803337711 0.10415471554396402 0.06608465991433973
0.0 0.6982930067885751 0.30429261386732154 0.0723564053054778 0.06316965434020534
0.0 0.6803865924096341 0.4607624597201732 0.06708109891897891 0.04384046292549861
0.0 0.6593704039411833 0.6025734819432038 0.058538608192120645 0.04619837831694973
0.0 0.6411371210030824 0.7334600114736332 0.07119493126238581 0.050499465529503774
0.0 0.634059584922307 0.8398158645365893 0.05147228830790222 0.045550609980713655
0.0 0.6096554860796749 0.9797192578238256 0.05972441467774638 0.040025192698756665
0.0 0.6617990479199294 0.19713674977362308 0.07826125668494939 0.05114729428196556
0.0 0.6427302067040139 0.24968956703637932 0.059143674887027944 0.03369006808529287
0.0 0.6538266162660771 0.3521216220072009 0.05074636080033157 0.037631674005771165
0.0 0.6364999524200892 0.3856691529651163 0.04692283650120821 0.034140287947147165
0.0 0.6120475640051994 0.5455316408475139 0.04118757820888854 0.028903151531773565
0.0 0.6069904791270373 0.6201309950586429 0.044720732612652726 0.0292269752836658
0.0 0.5738499303331508 0.7193064159638825 0.024998022268748255 0.024278113557299186
0.0 0.5859114501111832 0.4808494723732372 0.03058816023363651 0.0279314447887705
0.0 0.6145137632949326 0.2854329837661364 0.030588092844215885 0.027931438611193828
0.0 0.6080769491706315 0.31678460492167393 0.03412125278632505 0.028255322779311774
0.0 0.5785786528410811 0.4442428829434461 0.030442910665708745 0.026347687665940887
0.0 0.5664567418897725 0.6930753313052243 0.030588165771981757 0.027931505204996387
0.0 0.579525307543846 0.7837100424356059 0.040897208313529276 0.025735589225041888
0.0 0.5513346594628326 0.9983371541914519 0.04162313028275486 0.0033256916170962825
0.0 0.539694078932445 0.946155465016043 0.034121258324670126 0.028255383195537755
0.0 0.5728468248731363 0.8565637036174228 0.04205868235662127 0.03840577803574341
0.0 0.5613153733288585 0.8171765736877731 0.03617823634744912 0.03158483025889112
0.0 0.5533653039095267 0.7581542271535032 0.0342665023542529 0.029839079902141387
0.0 0.5710417423355573 0.5944764086281378 0.024707652373389077 0.021110551250567246
0.0 0.5790400704016087 0.6335396272703449 0.033250148638592325 0.018752696275342106
0.0 0.5987602695203103 0.34068536894232765 0.029571868369051922 0.01684500692332187
0.0 0.5326755412980051 0.8672549600873459 0.027054932902106633 0.027607554443075877
