0.0 0.8474607729666426 0.5782806730716379 0.03753460013319447 0.07101164415696024
0.0 0.7913695949072841 0.6291905407868421 0.04165832257638184 0.06765089735197298
0.0 0.7421623427299047 0.5626890780277207 0.025105709090833362 0.04912110251069919
0.0 0.6537923966751681 0.6299383285687631 0.041658268039471216 0.0676508948199273
0.0 0.6683286215584769 0.5637206240743046 0.023262876293048507 0.04015489913383048
0.0 0.5929123883360619 0.5834086097748307 0.032997790849389474 0.0654727034972522
0.0 0.561654253900119 0.5623355362785365 0.01946977299952941 0.05063557224464699
0.0 0.6353268457930781 0.5184852389625718 0.02713862034569674 0.03145419847892228
0.0 0.5495063826129414 0.5153926445976336 0.02150262814124062 0.032968631730673346
0.0 0.5117569319879416 0.5261266230428393 0.021667962620168346 0.03652854522438478
0.0 0.4962703142586752 0.612813941613917 0.034096855238770554 0.05841912082079661
0.0 0.47318107534789194 0.5546602920969756 0.01897393002099603 0.03995577145934881
0.0 0.46944584235501646 0.5116756019428752 0.024196663892895653 0.029541473396010966
0.0 0.4307584261981659 0.5580420655203276 0.0325018901814623 0.05479283227960678
0.0 0.36078389837018676 0.599388360012225 0.043170592337650325 0.069497210905209
0.0 0.25339471621075926 0.597970067717642 0.037121455603183494 0.06211188625991744
0.0 0.3259144928681828 0.5326606207028929 0.029064146863280006 0.04220034289359402
0.0 0.3969715375288263 0.5297163835235488 0.025023069907945672 0.047341164004941746
0.0 0.30249054183357627 0.5280054892904797 0.016527814970487054 0.04872281321158489
0.0 0.18811832153728913 0.5226954371508518 0.02763446332423016 0.042133999264220276
0.0 0.1562114626502062 0.5310249791412767 0.03123754269758148 0.05828643609409516
0.0 0.12318071122586285 0.5018424644901321 0.024609864536058602 0.03844126777525014
0.0 0.09613295296482252 0.5906687010849778 0.03761729700547556 0.07279165309506483
0.0 0.0693579666531035 0.5501819543337905 0.03376629535473685 0.05129929889746574
0.0 0.041153378607700665 0.5096287998509966 0.02804766396739302 0.051033793643459543
0.0 0.6767867597405886 0.5204101444579787 0.02713867488260755 0.031454201010967964
0.0 0.63415330270446 0.5746205256951773 0.03343573547070324 0.0441794769741346
0.0 0.24249882199462852 0.5394906104973771 0.02922942838153837 0.045760287805410194
