0.0 0.905554095895704 0.60998621886127 0.03919296085661408 0.04900719968720209
0.0 0.8173206199457134 0.6535490506274707 0.039635629796153 0.057310389300693654
0.0 0.8672466032528113 0.5814972970716296 0.024493313792871875 0.03718402435271591
0.0 0.9520499703362711 0.5797511898421812 0.028053109458414483 0.05117314232404615
0.0 0.9351367703208785 0.5279167908235995 0.024050593845373315 0.028880884659494833
0.0 0.8433111679859182 0.5439152648968713 0.02872614937761746 0.03740977002174262
0.0 0.8006836182637953 0.5538210332649212 0.02130250899260879 0.030114262715640015
0.0 0.7701875923636081 0.5922236154566449 0.021819017474520218 0.03980129421778091
0.0 0.7355046389665414 0.6051752408368711 0.028053055635709877 0.051173139454241845
0.0 0.7525275383906193 0.5529191828542821 0.029546760736157383 0.026414075757129663
0.0 0.6860572907033315 0.5800558644609545 0.02449331660761649 0.03718407714279044
0.0 0.6578800654832264 0.5690681178902539 0.022934833978671333 0.03434111726857729
0.0 0.6676144704911019 0.6587557206898639 0.04216235186042354 0.05192538860786335
0.0 0.5605313666630279 0.6672409465766995 0.0368138130464251 0.05715993120779776
0.0 0.614132247576699 0.5977688219676622 0.02352512818025092 0.04541198778956348
0.0 0.5902616422536358 0.587939247931892 0.016175330152359457 0.039500375162185096
0.0 0.5355953031965607 0.6241610950995742 0.03281135407083324 0.03486772920312538
0.0 0.5199778798889043 0.58335997703889 0.02293483397867142 0.03434111726857729
0.0 0.42002867047002257 0.685834836534646 0.02805310664366951 0.05117308953397135
0.0 0.45331865817737127 0.620221279710792 0.024345793361495095 0.03441629639475474
0.0 0.3839527527906105 0.646124556866282 0.021376294712276957 0.031498101734485216
0.0 0.2985590900981987 0.6367997671797069 0.024198219107414022 0.031648565566989625
0.0 0.2548302223663593 0.7189295512566135 0.03926669556832283 0.05039108862631787
0.0 0.14518350079943612 0.7324087274621822 0.036518610715558356 0.05162446668246314
0.0 0.3518468543145817 0.6145293692351543 0.02560913029702285 0.031723847403512015
0.0 0.41868606314105195 0.5943119868679554 0.022787259724590215 0.03157338644081209
0.0 0.47797751722819504 0.6050285354373486 0.018702052216629815 0.03411537446935471
