0.0 0.343065481449165 0.7139742532712114 0.1090662754285475 0.07347261574162509
0.0 0.41850808814603846 0.47784595333960045 0.06131165448529332 0.04087910701920476
0.0 0.4333334522776785 0.3125935463900082 0.06677648888844914 0.04847858641620686
0.0 0.4564509851484189 0.15528372374753033 0.07385970631981068 0.056215342625342224
0.0 0.4627645859950594 0.03274688160415122 0.07254596729766752 0.059672077619850404
0.0 0.4068246582810914 0.6252658827377948 0.060302612491199746 0.0479297562314148
0.0 0.43602229633378553 0.7327145532057547 0.06515799255168489 0.04834141909587029
0.0 0.4466095786189225 0.6847452903447541 0.041585440121137386 0.03563857561811314
0.0 0.457701395156603 0.6404385926018995 0.03612063368189204 0.028039064563857786
0.0 0.471896589834396 0.6172086429013499 0.04406060487989407 0.02692820254907513
0.0 0.4342534613039331 0.5805343666625765 0.048363988488359766 0.03978138595229339
0.0 0.4436041638511627 0.4510154859815702 0.04805925768473207 0.03618743484297902
0.0 0.4667206962598076 0.37062563930632125 0.03789145347460456 0.029973254924731574
0.0 0.4770418846745505 0.2873410604264809 0.04775455775084865 0.03259348635084427
0.0 0.5002741472024251 0.0902235422044831 0.038957869467618346 0.04255203775559049
0.0 0.5081963164250548 0.009234445687761595 0.04866868842224328 0.01846889137552319
0.0 0.4458973037104602 0.5489436362081339 0.04289918204911443 0.03218187489803803
0.0 0.4879318637900047 0.389617826713628 0.024791403735151006 0.027078522720140174
0.0 0.5115638176546565 0.2070132513346994 0.04097604606503839 0.0284507471827097
0.0 0.5144505423485842 0.047988198217069254 0.036730030643825004 0.035226927273694385
0.0 0.49558792007507557 0.26086023417806564 0.030503511051283193 0.018642616155147708
0.0 0.48743622689285493 0.43391797242835317 0.027875965455840656 0.025556012360938674
0.0 0.48408454069639006 0.47345125160688717 0.020487989256940953 0.014225336699742196
0.0 0.5291017989941451 0.09628733732856927 0.015080590592193844 0.026255294580168353
0.0 0.5029768504314541 0.17370730754232108 0.01862223017761906 0.030123675301915665
