0.0 0.7612981813050028 0.9876944786113707 0.08365113930969761 0.02461104277725834
0.0 0.7926158981723178 0.8355020955664297 0.07647175572232748 0.049332459224740964
0.0 0.8143610966982024 0.6823012903339054 0.07836612941917957 0.05126646680541151
0.0 0.773935118293026 0.6486895051659891 0.06849596861046851 0.049811361629926054
0.0 0.7578608325904848 0.6152112809575315 0.03474668617671224 0.028288646328423716
0.0 0.7601716674293226 0.7192469090961495 0.047259382118084406 0.036752215478966385
0.0 0.7194440620014676 0.7218839194362705 0.029811605772356576 0.027561093740680942
0.0 0.7046570162261163 0.8164859067654667 0.034746753685959676 0.02828868784230476
0.0 0.7425592479859348 0.9413228402348732 0.0510481922647406 0.04062023989164061
0.0 0.8325407244747416 0.54758558321509 0.06445780016335227 0.04425190860714778
0.0 0.8574975832756323 0.44670572473024156 0.05533573803749832 0.04787125057471586
0.0 0.874406283508127 0.3092103003513701 0.053340795533091345 0.03433930549311093
0.0 0.9079401991477927 0.1672528184176592 0.04511564060818145 0.033126714763095325
0.0 0.9131547301489349 0.09197856413307287 0.0495519948990264 0.030471345605533107
