0.0 0.9691100341444698 0.4627519922954374 0.06177993171106007 0.13120881677750962
0.0 0.8952898318197418 0.3814875201985099 0.04994070798237438 0.10088882323535264
0.0 0.970543300039612 0.3138597647716277 0.054903835452474146 0.09666347667219881
0.0 0.7994573576394295 0.29332000468958047 0.047770486783203836 0.0650742179637906
0.0 0.7152698229705441 0.4412597268988119 0.07015017859054833 0.1097571784230281
0.0 0.5971233733163992 0.37416448062402685 0.049583618766325444 0.07511902541144014
0.0 0.4460249115030816 0.4063291541789377 0.04826659642753741 0.10086559380853295
0.0 0.19311148627380043 0.4019587639518756 0.05817281822716365 0.09098326378149864
0.0 0.062375039309187495 0.39303120512348266 0.05492367737444892 0.09809513822418445
0.0 0.7433381707675886 0.3520909927780932 0.054645891223708706 0.07805193110973097
0.0 0.5918565231937493 0.2961972343699908 0.054348263529447126 0.05657708974996458
