0.0 0.9593750238418579 0.555468738079071 0.0625 0.1421874761581421
0.0 0.8882812559604645 0.46562498807907104 0.045312464237213135 0.109375
0.0 0.9593749940395355 0.3929687440395355 0.050000011920928955 0.10468751192092896
0.0 0.7999999821186066 0.36796873807907104 0.043749988079071045 0.0703125
0.0 0.719531238079071 0.528124988079071 0.06406247615814209 0.11874997615814209
0.0 0.610156238079071 0.453125 0.04531252384185791 0.08125001192092896
0.0 0.46875 0.4859374910593033 0.04375004768371582 0.10937497019767761
0.0 0.23281249403953552 0.47734375298023224 0.053124964237213135 0.09843751788139343
0.0 0.11093750596046448 0.46562500298023224 0.050000011920928955 0.10625001788139343
0.0 0.7468750178813934 0.4312499910593033 0.050000011920928955 0.08437499403953552
0.0 0.6062500178813934 0.36796875298023224 0.050000011920928955 0.06093749403953552
