0.0 0.28222066949715596 0.5318459600763592 0.04375952260219531 0.058006163946932254
0.0 0.4279510787734092 0.5115724418285669 0.041045430991994 0.05756612785596484
0.0 0.5409482094312938 0.504151921903399 0.03263844759527892 0.05461208425069293
0.0 0.6227664625536218 0.4934020635070239 0.03674197944952562 0.04732248211713976
0.0 0.7269591997618416 0.48321679791135425 0.027475283537013163 0.05536599775810806
0.0 0.8263186484953305 0.46040011623559013 0.028599859916934634 0.046002399022727666
0.0 0.8828509655911049 0.46548798871305497 0.02992440775108207 0.054172056552555595
0.0 0.7672099482613277 0.5253204741770293 0.02919463030034448 0.03337101830381863
0.0 0.18468312271737092 0.5744898773034575 0.046473510680388005 0.05844618325223942
0.0 0.2260395900139101 0.5761691535624576 0.042402476797094614 0.05778614590144855
0.0 0.3849265501974772 0.5554393854525145 0.027010406558156987 0.03619883491875022
0.0 0.38003091289310575 0.5939629779012299 0.022971870645816895 0.027589158083615128
0.0 0.4593974388759795 0.5509114035885103 0.031578810338510885 0.04807636445978476
0.0 0.5984752246606829 0.5325548880943357 0.027010458324161137 0.03619884331158048
0.0 0.6508365038421722 0.5290961930354205 0.02972445145510303 0.036638893781658056
0.0 0.6221742616334714 0.5412891695896394 0.021317473111137096 0.033684881341156284
0.0 0.3347358411189606 0.5937607120588956 0.025653407466311597 0.03597879410132636
0.0 0.7254073990780407 0.5337748316409725 0.022706955015688646 0.025955189179925408
0.0 0.18991639070831137 0.6239478148193772 0.027010406558156962 0.03619883491875031
0.0 0.16714451487334814 0.6209323196067076 0.022642015892535384 0.04185450770621433
0.0 0.5256613105592438 0.5644828080191109 0.017808696482053056 0.028343009261489804
0.0 0.3079390261921189 0.5444450522910929 0.023701653149303458 0.0483902274971225
