0.0 0.3698926775345457 0.9195562747684937 0.07315749734119636 0.042950907173444366
0.0 0.39039385890117456 0.7975729061341271 0.05620507137818853 0.034671303283699384
0.0 0.43428311339023085 0.8340601716404981 0.04382936430620861 0.028161212225219147
0.0 0.4285370211209285 0.7505263846987058 0.03590166150971186 0.022076497015929508
0.0 0.40933935941281707 0.7062524931030862 0.04183245517062702 0.022643761077565116
0.0 0.3699924045284042 0.6781459227310112 0.05014578067800608 0.032760126237089085
0.0 0.38934479209034367 0.630184495036469 0.0402211785535644 0.021158062410635205
0.0 0.4461539601793622 0.6844224701422238 0.029328137938806086 0.014789746213470156
0.0 0.44029618524864683 0.6544686546397587 0.030228016896736775 0.024196921359468604
0.0 0.4000537448075769 0.6013583546733272 0.04009268641811552 0.01981420069090527
0.0 0.43583558786381316 0.5843737710446467 0.025779951157148418 0.023771488834713406
0.0 0.39137223614942 0.5262424680490865 0.03416188294956361 0.019246834098779787
0.0 0.38480741699254023 0.48889725652081495 0.041378192990746854 0.03325307705238316
0.0 0.4289581272098541 0.5124757773842152 0.025394300166122718 0.019739836179318893
0.0 0.40025587652304084 0.4548711047461911 0.032936318787631966 0.02179284476280934
0.0 0.40709522094333417 0.4325179285087213 0.03513038290398542 0.014013143145055817
0.0 0.35268490058564567 0.5597791744271274 0.05027427771727337 0.03410403922206395
0.0 0.34159957726910356 0.4360706142178238 0.06438985309365028 0.04344385257841843
0.0 0.31648858483650655 0.32997788623288127 0.054979507216256926 0.03721731394772867
0.0 0.353016131146302 0.2973258580200254 0.03480464113969761 0.025966323544763803
0.0 0.38228815145371864 0.3921710699777717 0.03899560948781433 0.02370402180941955
0.0 0.38806480014231515 0.3665291119932549 0.03738433287075171 0.022218323142489636
0.0 0.28794539929641705 0.1645413654889602 0.05994177754642509 0.04301831752317327
0.0 0.34930126284326185 0.2115635015029557 0.0384127888045616 0.03296936812369804
0.0 0.37077907260064763 0.1701796602299699 0.0351902921307234 0.029997976200158226
0.0 0.36486083396130287 0.2412673915020475 0.03641586119647329 0.027452016801373703
0.0 0.33404620233405585 0.1302954920248563 0.027716941258355554 0.013304004396775215
