0.0 0.07734373211860657 0.2789062559604645 0.08281248807907104 0.17031246423721313
0.0 0.18671876192092896 0.4124999940395355 0.0703125 0.13437503576278687
0.0 0.25 0.42578125 0.03750002384185791 0.11406254768371582
0.0 0.4234375059604645 0.42578125 0.056250035762786865 0.09531247615814209
0.0 0.5062499940395355 0.32890626788139343 0.08125001192092896 0.12968748807907104
0.0 0.5437500178813934 0.5343749970197678 0.059374988079071045 0.08437499403953552
0.0 0.5593750178813934 0.42500001192092896 0.059374988079071045 0.078125
0.0 0.628125011920929 0.4312499761581421 0.046875 0.109375
0.0 0.76171875 0.5187499970197678 0.05781245231628418 0.07500001788139343
0.0 0.7421875 0.3828125 0.05937504768371582 0.1343749761581421
0.0 0.885937511920929 0.3187499940395355 0.07187497615814209 0.14375001192092896
0.0 0.971875011920929 0.421875 0.05312502384185791 0.109375
0.0 0.9093749821186066 0.5093750059604645 0.059374988079071045 0.08125001192092896
0.0 0.840624988079071 0.46562498807907104 0.05624997615814209 0.078125
0.0 0.12187501788139343 0.4843750149011612 0.043749988079071045 0.09687498211860657
0.0 0.20000001788139343 0.5414062589406967 0.059374988079071045 0.06406250596046448
