0.0 0.9498556768355779 0.6779697751094255 0.06030880397860816 0.098338495548664
0.0 0.8695228320561224 0.6260057380387952 0.044176350942485954 0.06857436683897751
0.0 0.7393526007329058 0.6516261388213105 0.04119850895626689 0.06631287496570444
0.0 0.617318702593708 0.6701944220907622 0.03489102779079829 0.06006333805083388
0.0 0.5126126168708465 0.6798380157406121 0.04312118655817452 0.06339487987477402
0.0 0.4312020073017395 0.6964237287474366 0.04363686591071518 0.053570900307442756
0.0 0.3273752759191616 0.7103836139453364 0.030506110629847115 0.050895719774647755
0.0 0.21462673268544402 0.7342528447980046 0.035406693725558866 0.050239292622622854
0.0 0.15438932919917125 0.7339378388605355 0.03226481931041456 0.05952830287074766
0.0 0.9456454462883619 0.570038677600523 0.051187413076235797 0.07827694422961722
0.0 0.8989724844752802 0.5624647580577984 0.04136250471316707 0.05476242850043374
0.0 0.8164835007706868 0.5972517966907088 0.03217097539104437 0.052889846189142456
0.0 0.28119422445141545 0.6649480836377913 0.02804394799616867 0.038810248334043694
0.0 0.7855323767102866 0.5963647975004298 0.032780548752760374 0.04970433350816901
0.0 0.7165953408294466 0.5600606972485518 0.02541778960559009 0.03827522335870999
0.0 0.6443293386227774 0.5711870820132395 0.020071628905062512 0.030566716726437716
0.0 0.6890207846168712 0.5656784720104888 0.026121320484066058 0.04172825362972663
0.0 0.8339984618964031 0.5523257549296873 0.02541778960559018 0.03827522335870999
0.0 0.8591227332700129 0.5481062766248697 0.02173640332311475 0.03256063535354041
0.0 0.8092609616643218 0.5483746554398788 0.020775146365758702 0.03401968113657459
0.0 0.5601755603734617 0.6045151179983084 0.022088213933925526 0.03428725438274487
0.0 0.5831311806364833 0.6232145281503149 0.03348401612365119 0.05315728771355337
0.0 0.6460767587277974 0.6166842228716651 0.028395745189199496 0.040536801502368026
0.0 0.5235734571778837 0.5993849127947188 0.024714358906724066 0.03482221349719854
0.0 0.41713244519943987 0.6273635908656761 0.024362625221278654 0.03309573639450658
0.0 0.39648690315235907 0.6468540811201349 0.03470322635466792 0.04678633841723849
0.0 0.3166353279512092 0.6442414762568826 0.026285302823186328 0.030177741303576068
0.0 0.37435177396763847 0.6154003930314819 0.023401268084312265 0.03455476176803529
0.0 0.500782410263805 0.6184134028500802 0.030576262467377192 0.032706816627772015
0.0 0.4521636111874455 0.6382083511439951 0.029099212560090227 0.04398975570775221
