0.0 0.6343898849052545 0.20690805768282736 0.0617227389015337 0.04471478239217226
0.0 0.6688146876860315 0.04434965304306461 0.06776571300570904 0.041813259892716524
0.0 0.607520857768142 0.11473969822843788 0.059980420167650726 0.03304376617759901
0.0 0.5878520770591618 0.1727843484224525 0.04877596074136381 0.03390685077801079
0.0 0.5866891019525869 0.2316031522418167 0.04030263965025185 0.03137405069801598
0.0 0.611428608728113 0.33803600265610656 0.07107761932893455 0.04230768097188671
0.0 0.6036299502905876 0.435634330645753 0.060948306106664504 0.03952761616923635
0.0 0.5850453266713413 0.5601244364936973 0.06426028298411453 0.040022096146625684
0.0 0.5876753373662831 0.7182720126306938 0.05189428019686089 0.033104519759962425
0.0 0.5667586309091174 0.7960154469149495 0.06309873962314763 0.03224143515955076
0.0 0.5718809204634419 0.27976800415041925 0.051507035907179685 0.03051095666730652
0.0 0.5486753539466453 0.30480571003455237 0.039721808492842216 0.027483735508141604
0.0 0.5435765449198648 0.37297946480105515 0.050431882318297025 0.03415405660244693
0.0 0.5142297085651963 0.4448245416481697 0.02959255843993134 0.024703680135788896
0.0 0.5215893262760524 0.6620077753717457 0.04858237387363564 0.032610098680792454
0.0 0.5498609458724794 0.5860251775103205 0.0376787057955867 0.024642976021347084
0.0 0.5129670375639964 0.6063680519334944 0.04079702525108377 0.023840645003298723
0.0 0.5373892093198691 0.5278222571820808 0.03952827740960725 0.026186943373299344
0.0 0.5346340187273946 0.23443742661445163 0.031248543186223453 0.024950895390522865
0.0 0.5491442518521366 0.07487159121550972 0.029592558439931426 0.02470368013578894
0.0 0.5494004481534038 0.14119344395722128 0.039915465914795153 0.02878054650357924
0.0 0.5966186882974929 0.06870213627691021 0.051507106461404106 0.030511015565525823
0.0 0.5503608607836455 0.0213634776142683 0.0397218716622012 0.027483744938439282
0.0 0.5064310148505585 0.5424228896566282 0.03563561048319697 0.0218022660024741
0.0 0.5402959238286364 0.4062943685177364 0.03875392255382835 0.020999885516504245
0.0 0.5453559111452888 0.19096518203436427 0.03582919735092531 0.023099018099692482
0.0 0.5703383044071086 0.45452644381919904 0.04615209744092343 0.02717583499956122
0.0 0.5324972653911111 0.5038926965073829 0.03524842197800915 0.019208662872194183
0.0 0.5359326126703943 0.32212565372938673 0.03875392255382844 0.020999885516504245
