0.0 0.18124999850988388 0.4781249910593033 0.07187499105930328 0.09999999403953552
0.0 0.3046875 0.649218738079071 0.06562501192092896 0.1390625238418579
0.0 0.51171875 0.625 0.07968747615814209 0.12187504768371582
0.0 0.37187500298023224 0.38671875 0.05312499403953552 0.11406248807907104
0.0 0.5242187529802322 0.3804687559604645 0.06718751788139343 0.12031251192092896
0.0 0.21718749403953552 0.3500000089406967 0.0625 0.09999999403953552
0.0 0.45000000298023224 0.328125 0.04375001788139343 0.11250001192092896
0.0 0.6429687440395355 0.3960937559604645 0.057812511920928955 0.12968748807907104
0.0 0.8296875059604645 0.37812499701976776 0.056250035762786865 0.12187501788139343
0.0 0.7984374761581421 0.2750000059604645 0.0625 0.09375
0.0 0.8875000178813934 0.18671874329447746 0.09062498807907104 0.13593748956918716
