0.0 0.08088412855862599 0.49625296509835676 0.058334347047615275 0.09134969975617117
0.0 0.22665990125626698 0.4850128127982968 0.046744608036138315 0.0703695003827999
0.0 0.18899607387399137 0.4281465573489814 0.03774716212241917 0.055001132887966264
0.0 0.28647328443531334 0.4442717404255587 0.029777781276752215 0.04494147859087514
0.0 0.33621925594234725 0.4722662870549666 0.031148660280715834 0.05201991712239531
0.0 0.3645744334805244 0.5227397171236052 0.04380978539770264 0.06298822565672343
0.0 0.4232314736102355 0.504724506956024 0.02924202202802908 0.0499473787032505
0.0 0.36624325959329235 0.4303456546428956 0.02058724458404444 0.036348578422799524
0.0 0.4007460140820182 0.44070004006498226 0.0315346497879081 0.03846888029999231
0.0 0.45837643932031796 0.49500744317794965 0.02767813805240511 0.049644554063288826
0.0 0.482583982411324 0.4537962665715137 0.03050651198676748 0.03316008804255235
0.0 0.5456132883081984 0.5137392420489232 0.026307139730744923 0.04256609242257934
0.0 0.5887176224497364 0.5257595800316275 0.04331734718643698 0.05267352173231341
0.0 0.5662537572442796 0.4700012447562538 0.025814761178327573 0.032251400052764015
0.0 0.6305358853840153 0.5109090291440964 0.02909232501958634 0.04140232105292059
0.0 0.6576150241528889 0.50513775406965 0.02039422653814409 0.04312412480925509
0.0 0.5016105081568997 0.5566244984834945 0.04537372903217474 0.06329106185127972
0.0 0.6456625783566302 0.5836062081876523 0.05784189576210963 0.08103492832665804
0.0 0.7673489178460958 0.6255340072500319 0.04952979332497982 0.06920572901314115
0.0 0.8100556442053481 0.5851517404014973 0.034126803956609206 0.044080587811686375
0.0 0.702080257982163 0.5394534919916408 0.03202714765802206 0.04878359577899714
0.0 0.732897808409389 0.5353242255653659 0.030120509405335127 0.04671105735985233
0.0 0.9583618702894114 0.6781348609946424 0.05681363864327231 0.07572611296002876
0.0 0.9103928321694443 0.5990768486906758 0.04263181819618271 0.049134285134661226
0.0 0.9615730256901468 0.5777775816969022 0.03881855476504903 0.044989275801474715
0.0 0.8773358681163119 0.5770685637813744 0.03603342913505614 0.04615305872572817
0.0 0.9973690319597972 0.6264015814822764 0.005261936080405505 0.03427612970671454
