0.0 0.12368021902918962 0.02414264023908033 0.0597976744136401 0.04828528047816066
0.0 0.1113608540706437 0.14262237448388282 0.06836662730837983 0.06005861016649474
0.0 0.16634007452666236 0.057788220653396505 0.04404919214267333 0.03744085610913427
0.0 0.21302944544653482 0.07555486652721059 0.0453462266958458 0.042764989503078873
0.0 0.2183605639184579 0.13159695129870017 0.03604377363918894 0.03215191956952277
0.0 0.19045803842817327 0.18163471911657297 0.046040855704782536 0.03458725459833989
0.0 0.1898410006550317 0.22878565499856385 0.059195426124058724 0.04446931211996974
0.0 0.23663009564856963 0.19106727039218177 0.03435328560934048 0.041756448593904774
0.0 0.23310318513090927 0.2821676582539799 0.04404924662238776 0.037440869380642505
0.0 0.2543869345937743 0.313643328371232 0.040760600925324256 0.03497034230653138
0.0 0.16004384150716772 0.33004564282185367 0.06351864267886365 0.062216382848187646
0.0 0.19004438607429722 0.4656192998939108 0.06750197804906702 0.05650921367647532
0.0 0.24108650319012132 0.37704419725684024 0.05218581422326798 0.03775357665167607
0.0 0.25964511204582486 0.40354364474126847 0.04431154481717927 0.02748841084348652
0.0 0.2426625290502141 0.48288169041136103 0.043786893947881864 0.047393314646290284
0.0 0.2896142223124908 0.4893042611532514 0.0407606009253243 0.03497034230653142
0.0 0.22185188312154702 0.6458733742363167 0.05919538813631449 0.04446936654821432
0.0 0.2763064213454186 0.5837273349930865 0.04119288344424401 0.03674507805484746
0.0 0.27507232268227083 0.6780292303177606 0.0374718925025614 0.03249976811103554
0.0 0.31529347913174505 0.7810326880668095 0.03833656649982951 0.03604926615068429
0.0 0.24787380010635446 0.8613772828294234 0.061225853941215644 0.05831905319196427
0.0 0.2737404883858423 0.9870796350179163 0.061789327668267814 0.02584072996416733
0.0 0.3186430291369636 0.7078357783258848 0.03876894148620771 0.037823960742264
0.0 0.3150291704104523 0.6184748966638025 0.037904283980909795 0.034274530402368164
0.0 0.2828060670240359 0.5483035510842221 0.03946356843364818 0.029646217375055885
