0.0 0.9484375007450581 0.024218738079071045 0.10312499850988388 0.04531252384185791
0.0 0.9945312500931323 0.04843750596046448 0.010937499813735485 0.034375011920928955
0.0 0.45703125 0.47265625 0.1890624761581421 0.1578124761581421
0.0 0.6710937470197678 0.059374988079071045 0.11093750596046448 0.11874997615814209
0.0 0.46406251192092896 0.34453123807907104 0.09375 0.06406247615814209
0.0 0.4085937440395355 0.2914062440395355 0.045312464237213135 0.042187511920928955
0.0 0.35546875 0.34765625 0.06406247615814209 0.0546875
0.0 0.07734373211860657 0.41015625 0.057812511920928955 0.0546875
0.0 0.21718749403953552 0.28515625 0.043749988079071045 0.0390625
0.0 0.6773437559604645 0.1328125 0.0390625 0.03437495231628418
0.0 0.19374999403953552 0.3578124940395355 0.050000011920928955 0.040625035762786865
