0.0 0.022413199649397218 0.6085128867581304 0.044826399298794437 0.12163670052638942
0.0 0.07277431733012918 0.5370638417806601 0.07938278866425112 0.08101406586246318
0.0 0.18669866705926313 0.680428409475218 0.09735162431786101 0.15879288838814443
0.0 0.2776636413378689 0.5856011428211898 0.06526540893896252 0.09998337337979617
0.0 0.3716745314845873 0.5820742585741007 0.07271817473368528 0.1068392231989268
0.0 0.44972271456131524 0.5429343265044533 0.058941241297011705 0.10215472388554803
0.0 0.4941892576639001 0.704355964434286 0.09398357218758094 0.14504255206978173
0.0 0.6443240365741015 0.5580960849835167 0.05090629177704571 0.0774537513433959
0.0 0.6937306932497341 0.7140231111637443 0.08799995907059648 0.12356008102881529
0.0 0.8285616335873647 0.6697579791674977 0.05148843996468137 0.09529884137500985
0.0 0.7174189177947724 0.6062003549021108 0.07174189649579565 0.07265363694751895
0.0 0.5589665079211945 0.6352876993627478 0.07437544139811099 0.09371720777251165
0.0 0.8523081601793878 0.5886835599534717 0.054426695771976695 0.06604570572976672
