0.0 0.021875000384170562 0.6898437440395355 0.040625000721774995 0.08906251192092896
0.0 0.08125000074505806 0.6421875059604645 0.04062499850988388 0.056250035762786865
0.0 0.11874999850988388 0.612500011920929 0.024999991059303284 0.046875
0.0 0.140625 0.5875000059604645 0.03125 0.037499964237213135
0.0 0.21562500298023224 0.561718761920929 0.021874994039535522 0.02968752384185791
0.0 0.2515625059604645 0.5648437440395355 0.018750011920928955 0.020312488079071045
0.0 0.32500000298023224 0.59375 0.021874994039535522 0.03437495231628418
0.0 0.39531250298023224 0.578125 0.025000005960464478 0.04062497615814209
0.0 0.23984374850988388 0.63671875 0.032812491059303284 0.05156254768371582
0.0 0.3843750059604645 0.6281249821186066 0.03125 0.050000011920928955
0.0 0.5023437589406967 0.6156249940395355 0.03281250596046448 0.050000011920928955
0.0 0.578125 0.6171875 0.02499997615814209 0.046875
0.0 0.6968750059604645 0.606249988079071 0.025000035762786865 0.04062497615814209
0.0 0.8187499940395355 0.6140625178813934 0.025000035762786865 0.028124988079071045
0.0 0.733593761920929 0.5734374821186066 0.0234375 0.034375011920928955
0.0 0.06171875074505806 0.574999988079071 0.026562504470348358 0.03125
0.0 0.02734375 0.5750000178813934 0.0234375 0.034375011920928955
0.0 0.878125011920929 0.604687511920929 0.02187502384185791 0.03750002384185791
0.0 0.6734374761581421 0.5867187678813934 0.015625 0.026562511920928955
0.0 0.675000011920929 0.5562500059604645 0.015625 0.025000035762786865
0.0 0.60546875 0.5554687678813934 0.02031254768371582 0.026562511920928955
0.0 0.30156250298023224 0.5617187321186066 0.021874994039535522 0.026562511920928955
0.0 0.5460937321186066 0.5828125178813934 0.020312488079071045 0.034375011920928955
0.0 0.3648437410593033 0.5648437440395355 0.017187505960464478 0.035937488079071045
0.0 0.08749999850988388 0.5625 0.015625 0.02499997615814209
0.0 0.006249999918509275 0.586718738079071 0.00937499979045242 0.0390625
0.0 0.567187488079071 0.5648437440395355 0.02187502384185791 0.026562511920928955
0.0 0.4625000059604645 0.574999988079071 0.018750011920928955 0.02499997615814209
0.0 0.48125000298023224 0.577343761920929 0.018749982118606567 0.02968752384185791
0.0 0.52734375 0.5640625059604645 0.01406252384185791 0.025000035762786865
