0.0 0.09233386175254113 0.34472987736238525 0.06329722613777498 0.09035450504900373
0.0 0.16206859209430552 0.3888086602227559 0.046995802525771825 0.06845965358286335
0.0 0.28541755536834473 0.3570811964282941 0.03192331488994284 0.053068569149980774
0.0 0.39673376946874717 0.33773126724354424 0.03696917306946634 0.05402201547024581
0.0 0.499033569194091 0.3259790431409618 0.0372763989478754 0.05564792579008473
0.0 0.5742932129975733 0.30249631016077905 0.038263198955951074 0.04799503759971513
0.0 0.6711188294118227 0.2825165123878171 0.027557019120169814 0.04283626229500435
0.0 0.7799446697489296 0.2569012403426773 0.025648481635851806 0.04561134840857291
0.0 0.8348021449015464 0.24990353609557378 0.028785934353721742 0.0493399655988628
0.0 0.08995351119533335 0.4462189549058252 0.03878000215806461 0.0700430029133849
0.0 0.21048857642181282 0.40997121062178926 0.0351257823289056 0.044266427229011154
0.0 0.2441758305681756 0.415393692737274 0.03007991242946595 0.04331291888424325
0.0 0.42708837003002975 0.3808312295297365 0.029465472702922834 0.040061100517760725
0.0 0.30482189997579506 0.4494019361354312 0.024452134069399813 0.032842247039407545
0.0 0.1335626104923229 0.45229265068602836 0.03475347255532344 0.05517126294955856
0.0 0.19447617861008631 0.463516468509858 0.02319066350938148 0.03260388432274368
0.0 0.37221461104386283 0.39120000007254807 0.027589514605620737 0.03657085059052534
0.0 0.45000435126755267 0.39839294669937 0.020667722389344778 0.03212715888941573
0.0 0.6077852061253518 0.34837143195101955 0.028236533408821173 0.033557392667511635
0.0 0.72445449811337 0.32969400005129035 0.025713580568868456 0.03308060520968077
0.0 0.21241139443078536 0.4685474712196555 0.01753034185312381 0.028398555338297892
0.0 0.3313614827032151 0.43428318076215555 0.022576200032647487 0.029352001658562797
0.0 0.48433861835715775 0.40032521444626157 0.01814482939040758 0.031650442548869194
0.0 0.5568657315314446 0.3554670077544414 0.02411234052389073 0.03748173478487549
0.0 0.6796236703072912 0.34826903218927246 0.023190639448831884 0.03260387977635291
0.0 0.6252992700048836 0.3753738484495611 0.019406251829326492 0.031888796172751865
0.0 0.37169583476372026 0.4333977004132231 0.018144805329857894 0.0316504380024786
0.0 0.5077733518142733 0.37568923582161057 0.022608743639197827 0.02308659904686534
0.0 0.1669100938051214 0.4628313186619999 0.02724975144615771 0.04121028426767417
0.0 0.5832588745100636 0.3706877310006349 0.022883413570422916 0.030977969456514078
