0.0 0.032255747616807794 0.5443640982897436 0.046976418199285754 0.07822045750407973
0.0 0.09406707985466303 0.5891381611444281 0.05027307689778413 0.07537313118219453
0.0 0.12980588321321357 0.5129878867085444 0.03169223156700527 0.053983370601405054
0.0 0.22503286392859784 0.5700730972914423 0.050273086543854005 0.07537313314993126
0.0 0.20019623362217373 0.5034106363487918 0.028470583945876583 0.04452648166928608
0.0 0.27519425649575857 0.5129775486164361 0.04180677236452786 0.07188614729386619
0.0 0.3014175048311107 0.48658768502871486 0.02667236969228255 0.05471929622345524
0.0 0.22405955866200866 0.451679725529158 0.030643404459804867 0.03617002979159549
0.0 0.3051639702755061 0.4360913151725782 0.025623535440062017 0.03690592038794085
0.0 0.3428502719810391 0.44179295526828855 0.026372766538563484 0.040578615962490704
0.0 0.37199485999126697 0.5295735169390315 0.04165693077477508 0.06481573186467644
0.0 0.3842826420063211 0.46585818447942967 0.024424739275297112 0.04370115519028941
0.0 0.3806865920459465 0.4206852008051901 0.027571551270515648 0.033783445964254
0.0 0.4251906879347619 0.46325148947886463 0.039559127657502205 0.06086793620929072
0.0 0.4986151953475318 0.49609269366783726 0.05199628340079263 0.07748456612883858
0.0 0.6005107489933443 0.4791321747944899 0.04510343023729204 0.06903875366720387
0.0 0.5206804936209245 0.4217752822546575 0.03423967691910077 0.047463251621785926
0.0 0.4526127653027521 0.42896598906007133 0.03131760672883806 0.05214703770333369
0.0 0.5421834560838061 0.41356327353277295 0.023600509357973108 0.05233267737040901
0.0 0.6500729545442311 0.3915545412334229 0.03289103487679039 0.04718817082476141
0.0 0.6818028694352893 0.39560209450534517 0.03895972385871334 0.06426558601252089
0.0 0.7083633505187067 0.36053592776302584 0.029444568282146654 0.04296518929523665
0.0 0.7488587641831032 0.448870126937574 0.04735105350925721 0.08005685967466496
0.0 0.7675898543018411 0.402968127416835 0.04015854574633142 0.05747035645747021
0.0 0.7876695092943303 0.35679099278955534 0.034764051888421396 0.056369914155744105
0.0 0.8548755168594013 0.3660346829476505 0.04180674664167494 0.07188614204656844
0.0 0.18494963252927932 0.4596579007328854 0.030643404459804867 0.03617002979159549
0.0 0.23451099238614273 0.5098000314347552 0.03866012213360812 0.05012497317931697
0.0 0.6011479763033687 0.4168370728803687 0.03498888943976919 0.051135976974742814
