0.0 0.23120799307970463 0.8049982028653873 0.1022467761507904 0.07862888805414289
0.0 0.295939317274439 0.7319640303636943 0.07325894352600523 0.07286927973893143
0.0 0.3323318712006583 0.5656507588295506 0.0660173110697646 0.051992571881887176
0.0 0.36973490759346395 0.4153149842305215 0.05863528561800999 0.053765567597375344
0.0 0.40318199764592455 0.27646401421179706 0.07057840687581063 0.05937812250319201
0.0 0.42321590023965844 0.16299549686353454 0.05219352057147066 0.052485663509277636
0.0 0.46350469543441253 0.01932799799968954 0.05890542144703179 0.03865599599937908
0.0 0.3160312861572284 0.8498991396023046 0.07702018470415695 0.06065809092220178
0.0 0.340307045166765 0.7951214690723528 0.0575651467310311 0.04059431594971308
0.0 0.3430637979631016 0.6843555848565284 0.05051817078556624 0.0440536178646644
0.0 0.3633187827139584 0.6498146562832209 0.04662716368610309 0.04004092475986472
0.0 0.4061855341996424 0.48040530711779467 0.04079067097171363 0.034021826874788275
0.0 0.42032325694198186 0.4008247260462527 0.044011540713176346 0.034661714587924844
0.0 0.46350845594769235 0.29721500053825467 0.025626592975612004 0.027769243387940623
0.0 0.4221057266888407 0.5519342989158722 0.031128072053322065 0.03210191861779954
0.0 0.3708947470213033 0.7591276111989151 0.03112801062009769 0.03210190641172961
0.0 0.38081694684435086 0.7260396318851242 0.03434889314336744 0.03274185845577833
0.0 0.42422932702359895 0.5917980648566392 0.030792948332001125 0.030415535881354306
0.0 0.467004757120473 0.3259572061417714 0.031128084835129056 0.032101982948711784
0.0 0.46644329913815197 0.2276793089370039 0.04012053361371333 0.030649021483125295
0.0 0.521637368447567 0.0015645355304962471 0.04179587061781085 0.0031290710609924942
0.0 0.5238364237748624 0.05677375614738207 0.0343489059251743 0.032741922786690525
0.0 0.4818564008540297 0.15010507441786172 0.04280107026390798 0.044140178718864755
0.0 0.4875034827706166 0.19329839748864727 0.03662950247961492 0.03643464597250072
0.0 0.48735178730622863 0.2572516656562054 0.03468401686468851 0.03442824119222383
0.0 0.45025666350908355 0.43131372430139214 0.024956455617611617 0.024396437996277685
0.0 0.44783042700825054 0.3887603793370765 0.032338493851173225 0.02262350661170185
0.0 0.3924522604381344 0.7011803746014745 0.028782597691224245 0.02029713191243552
0.0 0.520301591072742 0.14196696255868788 0.027907128096827983 0.031461954367680754
