0.0 0.08683329563709538 0.5833885128204568 0.049420838757642305 0.09400465467652053
0.0 0.1999559013475956 0.5266179167871616 0.03859331807898676 0.06885962511524993
0.0 0.31665295531829674 0.5338598589082733 0.03252208889875452 0.05624368179651924
0.0 0.3601818294931225 0.49313486710356413 0.026914676988563358 0.05063801231657887
0.0 0.4024142223762549 0.47273847156856136 0.02095938184594761 0.03977451963078273
0.0 0.15492244684868822 0.48471079792176075 0.030124179718148937 0.05957484211889552
0.0 0.44247792463773195 0.519375019542716 0.03596347518355936 0.06868564685906726
0.0 0.5646480565331706 0.5095325198745233 0.03642729687645332 0.0756959875533898
0.0 0.7091320023509635 0.5175766418508212 0.024980537129822355 0.060979476587184146
0.0 0.8379925715091876 0.5090517883524077 0.03333370752753595 0.06851167358037609
0.0 0.2375295076710337 0.4757253704533341 0.02656682104736685 0.04538022419765282
0.0 0.2891006127513516 0.47671431765865685 0.0209594091371756 0.03977455471771254
0.0 0.502153239146697 0.4731812005806688 0.028229531313920385 0.05072493044122863
0.0 0.7757889659561461 0.44715762979040646 0.0296604103962844 0.05256453817066653
0.0 0.8078315365587991 0.4124732489581849 0.023589226952801922 0.039948531314731285
0.0 0.5285685905181122 0.44326974383603757 0.02358917679319896 0.039948527996403804
0.0 0.3956869036957157 0.4309375944016692 0.018097680475102428 0.03609540777353244
0.0 0.3329970841717769 0.43156437084469623 0.0163190273252261 0.028998117185957815
0.0 0.7490271176915128 0.4418870684618278 0.02370511967652158 0.041701112340402524
0.0 0.6356555229793341 0.4449866064956227 0.018329591321549543 0.03960057812069371
0.0 0.7055588991287978 0.42363975384141295 0.012490243485109697 0.030489736634428333
0.0 0.5475964915959668 0.43144941827189526 0.015236001972632173 0.03241626414767991
0.0 0.46537681136617925 0.42632721528800666 0.020031818122416833 0.0257539100751611
0.0 0.46815943061450727 0.4683890891190293 0.020263701677635915 0.029259045335392475
0.0 0.4251944853680699 0.43778673170862553 0.01809767826367592 0.03609537434576637
0.0 0.6068435930783505 0.44865289168324385 0.024748601203573896 0.057474304580859045
0.0 0.6890646290389768 0.42385081125287183 0.025135994336032485 0.043540653214308465
0.0 0.3177966100974867 0.4712954138696892 0.023589201873000308 0.03994852965556754
