0.0 0.8731495083357494 0.2847789977497562 0.06495246788442266 0.10433949520737773
0.0 0.7526889468472272 0.358952479162653 0.05022180183046761 0.07672742954730287
0.0 0.621248178895964 0.3656522705534926 0.042125131045737965 0.06279428566519227
0.0 0.5769539136990719 0.41422456443292716 0.035311964702545495 0.05624155371138393
0.0 0.5318950331129235 0.44106939393866595 0.027536134659275558 0.04415338721117843
0.0 0.8076758588148081 0.3978634684977101 0.039841566969188766 0.06597578043372634
0.0 0.48195655972849655 0.3965281740856744 0.04729645763526617 0.07621871350025629
0.0 0.34625072540656787 0.4220283107015498 0.04857997431679353 0.08359919581396173
0.0 0.1836129548617937 0.43130181779681587 0.03431185539176105 0.06680348589806284
0.0 0.04027302037089844 0.4562286045461634 0.04437119713371609 0.07571001200749823
0.0 0.7161704776757262 0.41757806441855266 0.034349335020347024 0.05070615920911799
0.0 0.6583248669475046 0.4228850809435195 0.027536168677154204 0.04415342725530955
0.0 0.4201813035316759 0.4528927137872717 0.0367745548154466 0.056495829220930195
0.0 0.11666212161497254 0.5142286334941757 0.03855811220342427 0.058595343015581405
0.0 0.08456913441591765 0.5549764174307591 0.030461484974472007 0.04466213845092657
0.0 0.3938680979390465 0.4878830869813017 0.030461429178704424 0.0446621287480677
0.0 0.5439837113156016 0.4845889741018897 0.023969094039073012 0.03995447490283981
0.0 0.6141014357298827 0.4761973480036373 0.02122300902253338 0.032319686738315936
0.0 0.1471986308223763 0.5165219959582187 0.03078229440014435 0.04650724690077927
0.0 0.27378891427661667 0.4992602572100641 0.02461085237983669 0.043644716059692536
0.0 0.19785386365156407 0.5305239806391376 0.017155899797996765 0.03340173809760198
0.0 0.3738535007314549 0.5027691153104109 0.020402075196759295 0.03575553225322903
0.0 0.46646312542446056 0.49806978744208286 0.024969197229862506 0.029392507523459253
0.0 0.45876238764988 0.45378711014416134 0.025610921552747266 0.03308270863618086
0.0 0.5102010546073192 0.48095923502202426 0.023969087919077925 0.039954439710138255
0.0 0.30564639495624735 0.491819375355414 0.03367006915311359 0.06311323988978064
0.0 0.21629745337581005 0.5282671068714606 0.03256583954813186 0.04860669031002729
0.0 0.626788243660367 0.43217111856929763 0.030461457076588337 0.04466213359949718
