0.0 0.10863401244362111 0.3246760075269993 0.07368887044466006 0.14839072102438156
0.0 0.21491636250511298 0.4167442710976553 0.0736555879791759 0.11440456381723836
0.0 0.1564093892855074 0.5198032842726156 0.05589195700661882 0.08251049529480543
0.0 0.27719997917487194 0.49165435600354945 0.07170898422896657 0.0744149199360872
0.0 0.39704226606121473 0.3603713330490953 0.08351070671569012 0.1503464482687432
0.0 0.47761365726368216 0.45962954504997305 0.05646872955770856 0.09435930063899729
0.0 0.5677074503384599 0.4700900954375767 0.06325698053218698 0.1006000594783977
0.0 0.6398878258495581 0.5140839754432187 0.0501130549025028 0.09700508224588678
0.0 0.6942825037602802 0.36000615065314656 0.08123683973975346 0.13693743758114474
0.0 0.828003359616203 0.5138345843132225 0.044084642097893575 0.07307020240951063
0.0 0.8867487940379963 0.3654834153696252 0.07697761672563744 0.11604383903770037
0.0 0.9957336274788243 0.4187158076763439 0.008532745042351308 0.0907642951567734
0.0 0.9017255562661909 0.47238844976458283 0.0648486351385797 0.06669302864773571
0.0 0.7515470592460541 0.43219135280798265 0.06585804599626562 0.08742837745561757
