0.0 0.22691932984248436 0.5025866969467648 0.060703231364193935 0.1516233823777519
0.0 0.27747560180703784 0.4049872077848695 0.04447215786704204 0.11647650301257925
0.0 0.21497404241502815 0.3333565543483584 0.047896406697836146 0.11186090287091735
0.0 0.3412766294885432 0.29827622178664315 0.04034441211581079 0.07570750275291846
0.0 0.4177479320569827 0.4604987537642916 0.060236637414253114 0.1273038639513584
0.0 0.5001741631723396 0.3761852462712029 0.04240469322309792 0.08718668112525814
0.0 0.6162793267666454 0.40233156043011675 0.04321590911668416 0.116387798498178
0.0 0.8053455446820758 0.37999187401547263 0.049949502077713606 0.10552940669165087
0.0 0.9024737574776879 0.36087107464863727 0.048011277646753746 0.11348812289371338
0.0 0.38864184349856606 0.3611633770801254 0.04640323251298586 0.09070711479594226
0.0 0.49705506778228753 0.2872804533297434 0.044680354563446475 0.06629892024903081
