0.0 0.639444547916131 0.1495108051532054 0.11910988915185783 0.08433994320728724
0.0 0.537517769152586 0.3774889551690546 0.0669151614949203 0.04699585503407908
0.0 0.5057285055087138 0.5412240278047504 0.07327651924268919 0.05506885032466195
0.0 0.466089912467652 0.6960966708693299 0.0813096393422624 0.06345764564765713
0.0 0.4473909393068194 0.8180243170277421 0.08031072762566457 0.06670480492507717
0.0 0.41174811115669474 0.9810924553163936 0.0776191022673384 0.037815089367212985
0.0 0.5642707212481649 0.23125260443510448 0.06658914493732286 0.05380588373110253
0.0 0.544496573306615 0.12050870388070578 0.07160465180013435 0.05475314512679539
0.0 0.528725086882836 0.1673447268173695 0.04618024530193905 0.03964397401006945
0.0 0.5127905810493099 0.21045996278998316 0.03981891302469957 0.03157095076355452
0.0 0.4957097204294386 0.23214135874164743 0.047841662669326546 0.03136827773540798
0.0 0.5312813765955167 0.27299180272175694 0.05354049571304138 0.04446987195752916
0.0 0.5087288389284312 0.40157159648326884 0.05286756224898115 0.0409069625371278
0.0 0.4767020010014207 0.4794698366076339 0.04182720899349013 0.03366815260551972
0.0 0.4577134035386859 0.5616755515083313 0.0521946606727159 0.037344059139159655
0.0 0.41401663155024215 0.7563714653559155 0.04418232620535969 0.04613827449761061
0.0 0.3965212547399906 0.8490066139194401 0.05421339728930672 0.048032775355497395
0.0 0.3938989974232664 0.9499856979150069 0.04583336670053595 0.029271075893442598
0.0 0.3560883739500923 0.96682952327518 0.03714814971017884 0.03450232591962852
0.0 0.5160301682637315 0.30332119461523066 0.04717916343580182 0.03639684871101423
0.0 0.4564925305796928 0.4581256464787605 0.02811605411841862 0.02936067782918759
0.0 0.4138154909372257 0.6382542615370039 0.04483445498393812 0.03251823517086283
0.0 0.39507489246153266 0.7970738033223467 0.04116470975996549 0.03869672358112606
0.0 0.43578006669596414 0.5861304475445789 0.033121168264387005 0.021716515818853387
0.0 0.4613918715938336 0.4138487354815461 0.031123268221072208 0.028210754372097746
0.0 0.4687937600550608 0.3746569510065378 0.022417189186909513 0.016259077584633363
0.0 0.3845964250646823 0.7471251144411674 0.01808499586900165 0.027466244928030827
0.0 0.419462280379442 0.6725305351620582 0.022101587806582845 0.031660648611961405
0.0 0.36590265949248496 0.8644412392914461 0.02977747790307137 0.021085015532891126
