0.0 0.8636773792742078 0.9932711498739698 0.18568750513246118 0.013457700252060435
0.0 0.7298879107906401 0.9467301651697351 0.14503814323116035 0.09376446688748175
0.0 0.6205399368344938 0.9989573385712596 0.10491297777214728 0.0020853228574807758
0.0 0.6265405250824652 0.8996105383104924 0.0969954923029106 0.0860773307594247
0.0 0.7555168470623379 0.7419365489773995 0.18912208339022446 0.10921786105536828
0.0 0.619023805125479 0.6815541427079057 0.1191478650185255 0.07282248328595813
0.0 0.5860576835663993 0.5895769249855795 0.12736871117229995 0.0808576204395707
0.0 0.5172560813166646 0.5245522209616571 0.12160310168951546 0.06649555667040472
0.0 0.6882677868449382 0.42999690699427234 0.1728319676361208 0.10493139164321605
0.0 0.4747176717530327 0.32712936346053434 0.09230577450947966 0.05676799079274706
0.0 0.6379222801097124 0.22940272273216666 0.14736920658604138 0.09749735839624254
0.0 0.5457823033971838 0.10976108993829445 0.1133822163354929 0.05846038120221007
0.0 0.5072636440955819 0.2396996340632313 0.0869952445960398 0.07775746178108864
0.0 0.5893066916839489 0.3874801214781737 0.11190622913681389 0.08174344515922805
0.0 0.44571069442614564 0.11162746116614577 0.07889851177377202 0.05966254496866796
