0.0 0.8025620678213693 0.4506074117765797 0.07719245369095837 0.10395713615682553
0.0 0.6877801234323819 0.6284956334933117 0.07295788484252767 0.14278532584687972
0.0 0.47912075414397676 0.6149575028161189 0.08615388607035931 0.12628760473766923
0.0 0.6068524345425701 0.3688765603816064 0.059138414559227304 0.11707960821904422
0.0 0.4539109753804936 0.3705124773617103 0.07355039391290497 0.12407325078822735
0.0 0.7599123822908259 0.32405161331724913 0.06780059307267479 0.10347096359870656
0.0 0.5255471034988217 0.3141995675330172 0.04966548598879754 0.11502736843962036
0.0 0.3357585771334564 0.39233154954955307 0.0646450069042019 0.1329836041321978
0.0 0.1477724252915098 0.3840043931951843 0.06267438225741373 0.1250721511990293
0.0 0.17372797176409052 0.2790218178138966 0.06747631662527334 0.09720660510103438
0.0 0.07992518460353677 0.1951562808013012 0.09784064662312834 0.14094956632351574
