0.0 0.15065008991641662 0.6725917098040617 0.04540007265619108 0.04896899039552949
0.0 0.049210478489195145 0.6488018844209132 0.03203689883546932 0.047844675935758293
0.0 0.11677981686952546 0.6343623838437984 0.034218850167121784 0.03873281684501837
0.0 0.18335969429882487 0.6348215124756725 0.03217143951562242 0.03192096589139224
0.0 0.3011320892831549 0.6572371487435129 0.04162081452203381 0.05661851093263728
0.0 0.4121996599928918 0.6532798509773118 0.03946087999907908 0.048469244062874936
0.0 0.5547403365088197 0.6412871503013742 0.03968595606227412 0.05114407827788261
0.0 0.7331754062583733 0.6471506908939331 0.03295908944642374 0.04128267323554278
0.0 0.8231292524460014 0.6321746951022245 0.030777131034700034 0.050394531730598935
0.0 0.23927569371398 0.6240561581337788 0.029989505131836226 0.04103277575198279
0.0 0.26990487563967325 0.6059903666217916 0.027717051029772666 0.031546143983284924
0.0 0.34745196035817755 0.6035064927866604 0.0343313697462305 0.04007018174395398
0.0 0.43159012567659616 0.5816121235023205 0.025557092478880696 0.02339692574798784
0.0 0.6762565219093294 0.5926780807197669 0.03273404599585934 0.038607892420471135
0.0 0.5875514343658103 0.6136098061702447 0.024634923108139438 0.029958930235254755
0.0 0.6142545928096567 0.5844261076234305 0.023375190707725313 0.032508789008514324
0.0 0.523040983755157 0.6022017831461579 0.026232222830573092 0.03142126819320303
0.0 0.19180618651752093 0.5930318790294558 0.025669644670620207 0.02473434404685957
0.0 0.01141023172704737 0.6009169659600643 0.02282046345409474 0.023396928130723093
0.0 0.08495695662030697 0.6026950854966671 0.029201831173097804 0.03167111704229768
0.0 0.006641500627890695 0.6389443013500007 0.01328300125578139 0.041032825577815936
0.0 0.5426577084003019 0.5776547990361515 0.021552851827074095 0.02837172125269518
0.0 0.3854268447030551 0.6016582967733163 0.020293062786091998 0.030921575260484512
0.0 0.1416043440305355 0.6006227305408559 0.02303759935776841 0.028496640911772
0.0 0.43690065348423557 0.6269582943737899 0.026682366372269596 0.036770834588817004
0.0 0.49649440125265015 0.5977010001984827 0.01858318684398146 0.028121867638130203
0.0 0.29075932295660556 0.5961546526774469 0.020293034465807925 0.030921572877749083
