0.0 0.7182903067503503 0.9129495908502813 0.06519890095193111 0.05619977519070822
0.0 0.747949385005365 0.7892973231666838 0.07541354399568449 0.05778194756444135
0.0 0.6735205911174291 0.8715166072470778 0.04876552521843465 0.03592323352967845
0.0 0.693808957736918 0.979447246739517 0.06635271086008246 0.041105506520965916
0.0 0.6263025344770708 0.9718446031765756 0.03855094711737648 0.03434107121503338
0.0 0.62149085005536 0.8507411500265087 0.04960976528066423 0.041373341021578726
0.0 0.622271800280539 0.79388145992968 0.03969057285844953 0.03097137051149055
0.0 0.6609142732464989 0.7451094742367095 0.05160762237273593 0.03281722314481259
0.0 0.6674989325431875 0.6975824194235014 0.0663527087845143 0.042193554011190494
0.0 0.6084483559218509 0.7327728657799023 0.03627163471787993 0.041080488551145766
0.0 0.6238829279996974 0.6410884381352364 0.048765590161130044 0.035923243588765884
0.0 0.6030738874162265 0.608036010009941 0.045079316545513316 0.033579147878114314
0.0 0.7147169567121981 0.5972544285235473 0.06916656359049674 0.06036055272022143
0.0 0.6967360461161485 0.4586577670520053 0.07485076326622489 0.05414856660130916
0.0 0.6264155775777954 0.544891403124887 0.05869877387211364 0.0356886894337304
0.0 0.6081531537393022 0.5170253871432713 0.0504820528631269 0.025550409242319373
0.0 0.6377558791957418 0.43802872237440393 0.0470490625164377 0.04629606787612515
0.0 0.5840096449730003 0.4286808732130593 0.04507931654551296 0.033579147878114404
0.0 0.6822163059559749 0.27487813781520204 0.06635265457607123 0.04219361325374136
0.0 0.6112205375696389 0.3342422440611273 0.04536065001823682 0.035395880276821855
0.0 0.6243898859508006 0.23918811207975751 0.04139297262007498 0.031235007457555718
0.0 0.5904820295648117 0.13282298893033748 0.04195576945091304 0.03486849237314582
0.0 0.6788046463827996 0.0558928216579677 0.06690136968159618 0.05646344818397579
0.0 0.5774815497462942 0.20645764520403934 0.042237222074775004 0.036685175588389865
0.0 0.5705591492989728 0.29682362544446883 0.041674435978189095 0.03305175997443843
0.0 0.5992612530764834 0.3695797754427054 0.0442350778250649 0.02812904904891882
