0.0 0.9724437445424016 0.7519830132379192 0.0391140550947906 0.08425879866443556
0.0 0.8774745906697792 0.6602370398494972 0.026697676261662907 0.05071691048845377
0.0 0.8385166572850782 0.7173300983158434 0.034770838227478326 0.05112104373923865
0.0 0.7933101278363031 0.6630716395776369 0.027217190253827895 0.03428274753533911
0.0 0.7321261057331104 0.6399415579569293 0.02007651587560435 0.025695235094394774
0.0 0.7477842016080883 0.6832720372279991 0.020764888121903535 0.039446493191460694
0.0 0.7268188152488527 0.7360179800711049 0.03080309604475966 0.05229413439768482
0.0 0.6948142525655632 0.6356057896603428 0.015833372416081026 0.02136779896184322
0.0 0.6704318199824962 0.7009299261705116 0.023731257840793062 0.0450817267836924
0.0 0.639728746017614 0.6804097603998656 0.02345590789190064 0.03958120256211126
0.0 0.5845711915259912 0.7507208936062397 0.03073430857248267 0.050918979683262755
0.0 0.5600826982877195 0.6926681597182016 0.021697375709495148 0.031263114001301065
0.0 0.621861438829357 0.6468398579997432 0.019938840901158095 0.02294497298360403
0.0 0.5225611478660088 0.7110892904929672 0.023593582866346895 0.04233146467290183
0.0 0.48889165416729086 0.6852033386692505 0.023180557943008218 0.03408067834053004
0.0 0.46727873324881897 0.6711209625558303 0.016177558539230842 0.02824342801037627
0.0 0.4531910807921962 0.7669476179062422 0.033563003316925945 0.05380395116470389
0.0 0.4145056666115784 0.7082270149495421 0.026422326312770573 0.04521638626687281
0.0 0.3481176365754016 0.7832360638556165 0.040153031751208434 0.051390470188789374
0.0 0.33803255239015495 0.7299766197155778 0.032874631070626534 0.04005269306763788
0.0 0.3245992851322562 0.6906704990132895 0.03097842391377479 0.0289843423960372
0.0 0.24344801695214832 0.7402256949678108 0.026284653964256055 0.0424661766129689
0.0 0.18520201071999995 0.816205714165344 0.03221749605785913 0.053736648936265397
0.0 0.27350034721431005 0.7207998615326204 0.02304288559449379 0.0313304686866263
0.0 0.15595091135795222 0.7707985574275542 0.028838050087718912 0.03985062644224548
0.0 0.20681215353454072 0.7089739282931635 0.02573395669240284 0.031465180626693366
0.0 0.5495125695253487 0.6566651428848209 0.022836425773702283 0.02720510431830041
0.0 0.7025368344722502 0.6820906393492526 0.0244572829816617 0.03277293076832004
