0.0 0.8662780468338752 0.8913038445504788 0.042604180901584424 0.10125168770081086
0.0 0.7658886908811919 0.7717608905314661 0.029263427361997073 0.06084366900626339
0.0 0.7164110828314756 0.8373954889667956 0.03851578483579621 0.061075375179580504
0.0 0.6695515932400309 0.7676764790479651 0.030303426920441367 0.04083275010095644
0.0 0.6017247462886319 0.73421288044655 0.022342060596709602 0.03061492420852261
0.0 0.6158064505277769 0.7880644706935015 0.022760476361708727 0.047322861571702825
0.0 0.587251280147886 0.8500434244145755 0.03393144863307409 0.06263035407067363
0.0 0.5595062866365301 0.7256323384253537 0.017590298624481894 0.02548670118690257
0.0 0.5259483634908533 0.8025325763130591 0.026011923247390545 0.054083296420268656
0.0 0.4926924192973794 0.7749503102688435 0.025844556302939026 0.04740009598070731
0.0 0.4235624140482897 0.8551393227988496 0.033889664923950666 0.06095952356607377
0.0 0.4006885804239304 0.7826772881689344 0.02405146751177618 0.037336741852586106
0.0 0.47523368573528935 0.7327170211732451 0.022258377124483884 0.027273323988741983
0.0 0.35623769574664277 0.8016261873510496 0.02592823977516474 0.05074169620048794
0.0 0.320064978933271 0.7672835168529779 0.025677189358487507 0.04071689554114606
0.0 0.2966232639395232 0.7483062038712115 0.017799506506981633 0.03384066986849268
0.0 0.27214731219423216 0.8630503163382166 0.03705742833740673 0.06437835819485879
0.0 0.2331236351037181 0.7885120261898158 0.029096060417545512 0.05416046856670205
0.0 0.15076058842089857 0.8733851883917684 0.044684121193419246 0.06122984841704522
0.0 0.14391104284376355 0.8080118407412954 0.03663901257240756 0.047670420831678405
0.0 0.13201693217725685 0.7592305781039201 0.03476224030901902 0.03426546648377675
0.0 0.03502821166749222 0.8119724551473348 0.029012378541449245 0.05081893208264425
0.0 0.07103963080299293 0.7911403271529779 0.025593507482391354 0.03737535905708835
0.0 0.005138802490839795 0.7708693498006977 0.01027760498167959 0.03745259493924467
0.0 0.3917739751699313 0.7381502450179347 0.025468041897171646 0.0323629920684307
0.0 0.564251921315188 0.7825937901143312 0.027177447216108864 0.03908474597677145
