0.0 0.8545930461379052 0.8556105853977428 0.06668158447622474 0.09546492867846848
0.0 0.803417348588297 0.7960515502959128 0.05877825663140683 0.07303129039464666
0.0 0.6614989975246124 0.7674908508820307 0.045449358586841807 0.06602074729974632
0.0 0.5373524689047916 0.7373858723392224 0.047145214730641 0.06770732368860646
0.0 0.5240765922918322 0.6954243732542471 0.045211632587519104 0.05953858549065849
0.0 0.5033807109205168 0.6725537836050544 0.02535289845451878 0.030419516640886445
0.0 0.5824108366370621 0.7063569209526198 0.0331030338934065 0.041250270361000485
0.0 0.5970130153597498 0.675307513753485 0.0243861073829577 0.026335147541912463
0.0 0.674093796705572 0.6928340694610696 0.025352963145284856 0.030419580979178473
0.0 0.7580739481219325 0.7608769464774563 0.03649470607707004 0.04462346267157056
0.0 0.42847632390585755 0.7101765845633847 0.04044641625012213 0.055840268248417146
0.0 0.3434420367267691 0.698674960528551 0.04263351896555121 0.04864691724820425
0.0 0.23282780274456708 0.6696165660671636 0.03164495614628069 0.04604586818394933
0.0 0.11365778434168909 0.6521914738978045 0.0300336335958738 0.03923856904046907
0.0 0.05434882543973065 0.6331206390612933 0.028253336359967962 0.04267268827610051
0.0 0.8908184878551904 0.7822340571016468 0.039717351177883845 0.05823806095853099
0.0 0.8516639857644692 0.7607451779141844 0.03883509369971527 0.0490329691049368
