0.0 0.9632812440395355 0.6734375059604645 0.06406253576278687 0.15312498807907104
0.0 0.8656249940395355 0.571093738079071 0.06562501192092896 0.1171875
0.0 0.9265625178813934 0.46562500298023224 0.050000011920928955 0.08437499403953552
0.0 0.8093750178813934 0.48906250298023224 0.06562501192092896 0.07500001788139343
0.0 0.6882812678813934 0.62109375 0.07343751192092896 0.1546875238418579
0.0 0.6156249940395355 0.5125000178813934 0.050000011920928955 0.09687501192092896
0.0 0.5296874940395355 0.49687498807907104 0.056250035762786865 0.10312497615814209
0.0 0.4625000059604645 0.4468749910593033 0.043749988079071045 0.09999999403953552
0.0 0.40312498807907104 0.606249988079071 0.07187497615814209 0.140625
0.0 0.28203123807907104 0.4375 0.0390625 0.07499998807907104
0.0 0.21875 0.590624988079071 0.06875002384185791 0.11874997615814209
0.0 0.09999999403953552 0.528124988079071 0.037499964237213135 0.09375
0.0 0.20937499403953552 0.47734375298023224 0.059374988079071045 0.06718751788139343
0.0 0.3515625 0.5273437350988388 0.05937504768371582 0.08906248211860657
0.0 0.08750000596046448 0.44218748807907104 0.043749988079071045 0.0625
