0.0 0.703125 0.6867187321186066 0.046875 0.07343751192092896
0.0 0.65625 0.6437499821186066 0.02812504768371582 0.050000011920928955
0.0 0.5265624821186066 0.643750011920929 0.034375011920928955 0.046875
0.0 0.39453125 0.649218738079071 0.03593754768371582 0.04843747615814209
0.0 0.27031248807907104 0.649218738079071 0.03125 0.0546875
0.0 0.17656251788139343 0.6484375 0.043749988079071045 0.046875
0.0 0.03593751788139343 0.6484375 0.034375011920928955 0.046875
0.0 0.7718749940395355 0.6062500178813934 0.040625035762786865 0.050000011920928955
0.0 0.737500011920929 0.596875011920929 0.02499997615814209 0.04062497615814209
0.0 0.6351562440395355 0.6117187738418579 0.029687464237213135 0.0390625
0.0 0.4781250059604645 0.604687511920929 0.028124988079071045 0.03125
0.0 0.3890625238418579 0.59375 0.03125 0.02499997615814209
0.0 0.29765626788139343 0.5968749821186066 0.026562511920928955 0.034375011920928955
0.0 0.2265625 0.60546875 0.03125 0.04531252384185791
0.0 0.17499998211860657 0.59375 0.034375011920928955 0.02499997615814209
0.0 0.08281248807907104 0.6203124821186066 0.02499997615814209 0.034375011920928955
0.0 0.08281248807907104 0.5875000059604645 0.02499997615814209 0.028124988079071045
0.0 0.6937499940395355 0.5796874761581421 0.025000035762786865 0.03125
0.0 0.48750001192092896 0.5687499940395355 0.02499997615814209 0.028124988079071045
0.0 0.565625011920929 0.5648437440395355 0.02499997615814209 0.029687464237213135
0.0 0.012499988079071045 0.5960937440395355 0.02499997615814209 0.042187511920928955
0.0 0.421875 0.5734374821186066 0.02187502384185791 0.034375011920928955
