0.0 0.04375001788139343 0.21875 0.050000011920928955 0.08124995231628418
0.0 0.12343749403953552 0.27812498807907104 0.037499964237213135 0.05624997615814209
0.0 0.27812501788139343 0.2789062261581421 0.034375011920928955 0.0546875
0.0 0.421875 0.28437498211860657 0.02812504768371582 0.050000011920928955
0.0 0.543749988079071 0.2945312559604645 0.03750002384185791 0.051562488079071045
0.0 0.640625 0.2945312559604645 0.04062497615814209 0.042187511920928955
0.0 0.762499988079071 0.30078125 0.02499997615814209 0.04218745231628418
0.0 0.8968750238418579 0.30000001192092896 0.03125 0.04062497615814209
0.0 0.965624988079071 0.3109374940395355 0.02499997615814209 0.050000011920928955
0.0 0.0234375 0.31328123807907104 0.04375004768371582 0.06406247615814209
0.0 0.07499998807907104 0.328125 0.03750002384185791 0.04375004768371582
0.0 0.17734375596046448 0.3125 0.026562511920928955 0.04375004768371582
0.0 0.8046875 0.34843748807907104 0.02499997615814209 0.03125
0.0 0.21250000596046448 0.3187499940395355 0.028124988079071045 0.040625035762786865
0.0 0.2828125059604645 0.36250001192092896 0.021874964237213135 0.03125
0.0 0.36796873807907104 0.3656249940395355 0.01718747615814209 0.025000035762786865
0.0 0.31562501192092896 0.36249998211860657 0.02187502384185791 0.034375011920928955
0.0 0.14687499403953552 0.34843748807907104 0.021874964237213135 0.03125
0.0 0.1171875 0.34765625 0.01874995231628418 0.02656245231628418
0.0 0.17421874403953552 0.35625001788139343 0.017187535762786865 0.028124988079071045
0.0 0.47187498211860657 0.3515625 0.018750011920928955 0.02812504768371582
0.0 0.45000001788139343 0.33124998211860657 0.028124988079071045 0.043749988079071045
0.0 0.3765625059604645 0.3257812559604645 0.025000035762786865 0.032812535762786865
0.0 0.512499988079071 0.36249998211860657 0.02187502384185791 0.028124988079071045
0.0 0.640625 0.3570312559604645 0.02187502384185791 0.026562511920928955
0.0 0.668749988079071 0.34375 0.03125 0.03750002384185791
0.0 0.7593750059604645 0.36015623807907104 0.025000035762786865 0.0234375
0.0 0.6867187321186066 0.375 0.020312488079071045 0.02812504768371582
0.0 0.54296875 0.3499999940395355 0.02968752384185791 0.025000035762786865
0.0 0.6031250059604645 0.3414062559604645 0.025000035762786865 0.035937488079071045
