0.0 0.1253009159272942 0.6919838559057077 0.04903730521691054 0.085572020858904
0.0 0.2578222472125047 0.7718134467131825 0.04738092286488347 0.11761717767657291
0.0 0.34938372188136757 0.6992090852581014 0.0423299603794939 0.07883287330355193
0.0 0.4367224249397159 0.6810081957189824 0.03433427886678553 0.07339237876963675
0.0 0.5200888695833863 0.6496716328124998 0.03593957994273476 0.06333661070701604
0.0 0.5760379859602737 0.6393512520510128 0.035162511746436385 0.05736983376138331
0.0 0.6559024976465397 0.6274333184841221 0.03258589073409492 0.05996703474274536
0.0 0.7483688529771526 0.6138741576195169 0.03406843815887513 0.06016011057980073
0.0 0.7948397932667393 0.6002371175412359 0.022207889093955834 0.058615481787244496
0.0 0.31471713914221566 0.6703497273965906 0.03078636687842584 0.06853112831897246
0.0 0.24819061900932624 0.6168164920911822 0.03445697596239548 0.06314352750458951
0.0 0.27761709314191246 0.6691133242879094 0.024784502695555054 0.0560182239019376
0.0 0.3161945745612279 0.6064431882375191 0.029160626696528257 0.04485698256560777
0.0 0.36995564678188964 0.602475767309762 0.020653745290616764 0.04668187099203447
0.0 0.669117813312641 0.5726171571543378 0.029937680753936748 0.05082375766989759
0.0 0.577745520453476 0.5829997894397552 0.028066595525636374 0.04764726490805353
0.0 0.6056484767053045 0.5657128697487878 0.020970743271137415 0.037924760324039575
0.0 0.536366458819283 0.5952151827417598 0.017105819163367286 0.04182061870002753
0.0 0.527056930580768 0.604771089562471 0.01433493295463677 0.042926139670967436
0.0 0.4482148782592438 0.6013858666631964 0.021819351290435395 0.055632064862455796
0.0 0.4235224147535668 0.5970166425229675 0.020265207487096502 0.043698454067245686
0.0 0.14467655996168557 0.6439504336844311 0.027749632892340004 0.05640438017940532
0.0 0.47790207738860124 0.6035876343152529 0.030397814936015788 0.06554770955284103
0.0 0.39255716708768207 0.6139438243442611 0.023813169302867677 0.048559766945883175
0.0 0.5510132070542235 0.5629676443530574 0.021553489715487918 0.04239984989387926
0.0 0.6181480980485116 0.6095950969112927 0.023618896695736424 0.04706803003151627
0.0 0.4095658395139651 0.6519293399299368 0.028915239233456003 0.06535463003310013
