0.0 0.8304173922267861 0.6454306349342452 0.048930700456207885 0.08698957246798393
0.0 0.8338870847987293 0.564859013944252 0.0353353206520314 0.059538055371604684
0.0 0.799470688340975 0.5988447989432231 0.036935593621694275 0.07605609000812778
0.0 0.7403234542096688 0.6510412210796168 0.03817946054481798 0.07635326828894443
0.0 0.7669952910727095 0.6136978683673451 0.03444782532077948 0.07546177650973504
0.0 0.7476357005617152 0.5736486837269845 0.02593105751224911 0.03981098776336145
0.0 0.7563228110039333 0.5372848487423398 0.028078200991588264 0.038979274519626905
0.0 0.6866541111532065 0.5922437041662441 0.03748241018335374 0.05870630359286899
0.0 0.6493935887811079 0.6436390733834494 0.04995271727163555 0.09126768670112692
0.0 0.6263181260608293 0.5861205815277619 0.04054844763407015 0.07154059189346959
0.0 0.5672660669641834 0.6571824381578389 0.0479086836407804 0.08271145823484094
0.0 0.698985555169951 0.5296169711500918 0.02559038524044004 0.03838494968564721
0.0 0.6675321682193298 0.5401919535404847 0.03284755235111669 0.05894374187321212
0.0 0.6156141664299029 0.5428632120424928 0.025828029568665922 0.049198897745728234
0.0 0.5976888306149115 0.5408420724061962 0.031144244940087697 0.05181359001964152
0.0 0.5701216552583708 0.568173329373352 0.031041169546270897 0.061201488666421076
0.0 0.5395199489872724 0.575183216569459 0.037276319841520154 0.07748216662084317
0.0 0.4545525414451147 0.661157863356631 0.047124270201128485 0.08924730792560584
0.0 0.49593263210017496 0.5594945072003613 0.03172251408988931 0.06405356482184983
0.0 0.45926611816751517 0.580883399115834 0.03601665869786661 0.062390104327619156
0.0 0.39898161682402955 0.5800485551629612 0.0348915794841886 0.06749994314008383
0.0 0.3583930766455605 0.5628151021756845 0.03216624875994882 0.056091649853956406
0.0 0.4268973410864193 0.5430023456001788 0.027309493369782077 0.060310012751038665
0.0 0.307474218593876 0.7044073941786783 0.0539061961055868 0.08817821532859593
0.0 0.38824972892208853 0.5066361600346718 0.030922340884374754 0.05579448743696665
0.0 0.2957954749777517 0.6156946597509914 0.043036215934984724 0.07213490539186207
0.0 0.2864856839962123 0.533577487815129 0.034210282390803835 0.0646478783202424
0.0 0.2310936847681635 0.5617986253097873 0.038401358102747626 0.07237234367220538
0.0 0.1872022401114115 0.6877344364566955 0.05177484034899445 0.10380478538532359
