0.0 0.8390625044703484 0.5531250089406967 0.03437499701976776 0.06874999403953552
0.0 0.78125 0.6156249940395355 0.034375011920928955 0.034375011920928955
0.0 0.7843750044703484 0.5437500029802322 0.02812500298023224 0.06562498211860657
0.0 0.7132812589406967 0.532031238079071 0.029687494039535522 0.07656252384185791
0.0 0.6851562559604645 0.59765625 0.026562511920928955 0.042187511920928955
0.0 0.6624999940395355 0.6203124970197678 0.018750011920928955 0.04062500596046448
0.0 0.606249988079071 0.609375 0.015625 0.046875
0.0 0.58203125 0.6382812410593033 0.020312488079071045 0.04531249403953552
0.0 0.5531250089406967 0.6375000029802322 0.021874994039535522 0.028125017881393433
0.0 0.516406238079071 0.6468750089406967 0.0234375 0.04062500596046448
0.0 0.6468749940395355 0.5257812440395355 0.03125 0.08906251192092896
0.0 0.6062500029802322 0.5 0.028125017881393433 0.08749997615814209
0.0 0.5249999910593033 0.5906250029802322 0.025000005960464478 0.04375001788139343
0.0 0.4937500059604645 0.4820312410593033 0.034375011920928955 0.09531250596046448
0.0 0.37890625 0.4195312559604645 0.03281247615814209 0.10781246423721313
0.0 0.21875 0.40937501192092896 0.03437495231628418 0.1312500238418579
0.0 0.41015625 0.5757812410593033 0.0234375 0.06406250596046448
0.0 0.33906251192092896 0.5812499970197678 0.02499997615814209 0.07500001788139343
0.0 0.25 0.5437500029802322 0.02499997615814209 0.07500001788139343
0.0 0.16874998807907104 0.5789062529802322 0.03125 0.07968750596046448
0.0 0.27812498807907104 0.609375 0.015625 0.050000011920928955
0.0 0.13750001788139343 0.6187500059604645 0.034375011920928955 0.059374988079071045
0.0 0.19062501192092896 0.6468749940395355 0.02187502384185791 0.050000011920928955
0.0 0.4765625 0.6015625 0.02499997615814209 0.0625
0.0 0.453125 0.6203124970197678 0.02187502384185791 0.04999998211860657
0.0 0.9828125007334165 0.5062499940395355 0.031249998486600816 0.10624998807907104
