0.0 0.30335879276802996 0.05912280520263814 0.09801703238117607 0.043433139205980145
0.0 0.22967161643560613 0.21150305318071938 0.11902238220089419 0.054674955146744295
0.0 0.3248956473417407 0.31838776572896876 0.08402134466579173 0.04496725800672428
0.0 0.36221219194165505 0.4252222817886045 0.07829472316104029 0.04436363149611715
0.0 0.40851373327801876 0.5280328958862478 0.07908485823743697 0.038428384008318425
0.0 0.42662826712065316 0.5968918542353917 0.06970485316418458 0.04345827003909823
0.0 0.46418537245334557 0.706008685171172 0.06285562102422163 0.0322038988151971
0.0 0.48575965008044764 0.8214254509862714 0.06985346258775663 0.03143681764905715
0.0 0.5137236508131308 0.8738618732289382 0.07160586484292937 0.03463080352297911
0.0 0.36285014285807693 0.23900365949363422 0.07669099106027284 0.02914825703053405
0.0 0.3962276111056072 0.390868163565977 0.05951119033572798 0.02733747031811622
0.0 0.3424471067401526 0.2857689830934781 0.07876411059373298 0.03538529750679227
0.0 0.3480056606080465 0.1805691011164397 0.048378755700762444 0.029173367596807866
0.0 0.40847911888726973 0.20496390255419122 0.06015268409369785 0.03342362881065657
0.0 0.3539710414417449 0.08609543461503973 0.05410531876883771 0.02977695207480303
0.0 0.42572330573019823 0.2792991543981457 0.0493292615401348 0.024759634338748393
0.0 0.520346295449565 0.7100890685186023 0.04694707072387683 0.029022436325222233
0.0 0.4859790730401352 0.6106359080218425 0.05442609142492492 0.03282001968872743
0.0 0.4468749984705619 0.4593749854894882 0.07511066629439869 0.04101874624979942
0.0 0.42866270703312315 0.36898814656271006 0.048699500285590155 0.03221642507731026
0.0 0.43722918487779416 0.34039327896064053 0.05696865606303483 0.03007876095301678
0.0 0.46210104815818676 0.40469392729151615 0.04710744454572886 0.030543979575985248
0.0 0.5091593811657861 0.5558856632687291 0.04805801111593473 0.02613031011630538
0.0 0.5165365463822151 0.6258763625935927 0.04837875264188627 0.029173338575784146
