0.0 0.14017446996687863 0.3957076282996205 0.031305262904438115 0.10405278655369532
0.0 0.1703734355698741 0.32647156738676425 0.043720379757282005 0.11147328030167163
0.0 0.21306528895944296 0.4041606917515791 0.03539029030096423 0.08249769417801907
0.0 0.27681236064747916 0.38192445198509123 0.029096300161883804 0.08883958307236535
0.0 0.3026734254942446 0.31884429734500064 0.037405334243581834 0.09434724917997261
0.0 0.3071755214996167 0.4434505550879063 0.024969256575303113 0.06345871298380476
0.0 0.355539802652581 0.3520750785934585 0.029096300161883713 0.08883958307236535
0.0 0.40505476744186114 0.3736874321422707 0.023460010330308645 0.0834861321023408
0.0 0.4284370105370633 0.3141249486540348 0.03827800132839769 0.10948334950095391
0.0 0.4530120025875399 0.4147944021897663 0.022296472442833525 0.06330468737236475
0.0 0.4749819769295778 0.3772492059352302 0.025647906602374437 0.07523122310252087
0.0 0.4915557278281778 0.4437887576529727 0.02295416535309309 0.05160921919792418
0.0 0.5104061040876207 0.3870185990521226 0.026035736805001975 0.08195839175120394
0.0 0.5324373614025866 0.257507926665185 0.03444172288942262 0.0891477537884298
0.0 0.5541393107576427 0.401371044017953 0.022587394223708212 0.06835003472032133
0.0 0.5769270089745826 0.4245242599639731 0.01942987146685802 0.05978701915947173
0.0 0.6015212186790286 0.38598413038659557 0.029193259561852168 0.09052140731205345
0.0 0.6345278306982325 0.30730568497594274 0.03711446344092266 0.08930190477097781
0.0 0.6707697290107699 0.37777342319939466 0.028320643455251558 0.07538530993003403
0.0 0.6942845787452503 0.41354000163738275 0.022975173448120324 0.07507720043004266
0.0 0.7405514776080493 0.3788125262573376 0.03176904071338384 0.08899373405491326
0.0 0.7721247891392652 0.29852933062878967 0.03225382291873382 0.0974025986332148
0.0 0.8035860387721392 0.4139881227643416 0.02640255891260228 0.06521757916776867
0.0 0.8267153612280449 0.33841017295713915 0.025841872681903588 0.07859481036582432
0.0 0.8681846948319523 0.3832659429282782 0.028514613233403808 0.07874896134837224
0.0 0.9139036852478887 0.26926339585207515 0.03502352287020223 0.09923857385545101
0.0 0.7149982256322784 0.41234583239785805 0.016487319185941464 0.07805550793900914
0.0 0.6462239735172004 0.41715446636609704 0.02438746769039213 0.053368085381888176
0.0 0.41701022164135504 0.45314851853752663 0.02888138066416559 0.062008081670940206
0.0 0.3359032128114653 0.38357989941412496 0.023556966031654136 0.08516789218699414
