0.0 0.5698359864458715 0.015841392789587294 0.07438270784839922 0.03168278557917459
0.0 0.43029373984302344 0.01132730915424498 0.13652136220538838 0.02265461830848996
0.0 0.5737875522445088 0.06080605878757152 0.065293982330956 0.029310984470336067
0.0 0.591790431884851 0.1125645237117652 0.05814694225381354 0.02670315162058139
0.0 0.5858299242717031 0.09506834619305533 0.04385293025875479 0.02148751079120923
0.0 0.5407232567281721 0.14233827234538882 0.06529398233095574 0.029310984470336088
0.0 0.48946659960314853 0.09855653710117315 0.09164345211613174 0.04646914786561094
0.0 0.4668129093856227 0.20282612456499635 0.09757691492544573 0.04177624869594761
0.0 0.46168973859192786 0.3190126887355863 0.08376830415585532 0.03948091469680195
0.0 0.5238414960409848 0.2865800237427781 0.05493753132697225 0.02758947837660979
0.0 0.6051677368234166 0.13879601842840233 0.040400768178437386 0.020913668960775133
0.0 0.5950278596602873 0.22113790152365276 0.061113672501115435 0.024356695073242386
0.0 0.5689752225347678 0.24981802527905012 0.05075725441938923 0.022635194452077335
0.0 0.58682966764812 0.29179864133530825 0.0443383620917702 0.02440780916898233
0.0 0.46185261528882116 0.4300759696274068 0.08500895336299844 0.03684753723424592
0.0 0.44836839571926024 0.5058599745665905 0.07637855279162639 0.035412960508190136
0.0 0.428101693076311 0.6277819723131326 0.07565040967152425 0.03103254079155988
0.0 0.5501517238411662 0.40574093263871447 0.0477905241720876 0.02498165099941634
0.0 0.5115862150984645 0.5523802086779119 0.06602212313634759 0.0336913902619516
0.0 0.4041401335270868 0.7505902523043787 0.0812869681898905 0.04474763629932328
0.0 0.40333169635121424 0.8194783843616366 0.0832828347711613 0.036560582996438384
0.0 0.48959342678593565 0.6740153133592666 0.06923157392957817 0.0328051107535285
0.0 0.5040340701663346 0.4911052657156372 0.06553670056217423 0.03077114758423738
0.0 0.5502063318147942 0.47477249730355153 0.059873025608682795 0.026990086460813068
0.0 0.47450312888484447 0.6047351138684931 0.05766151273550868 0.023782867167822984
0.0 0.5287666491386367 0.6197571164893068 0.05124265333014701 0.02555548735728914
0.0 0.5239515936258711 0.5206746554414037 0.05887508768862633 0.031083585262226255
