0.0 0.16478718247013263 0.5261616485670275 0.03197448019938633 0.0541096947453692
0.0 0.24248975045198548 0.5290247816368423 0.028247244241150014 0.04867918380189309
0.0 0.21655761719963956 0.4889261106299004 0.029769089637651413 0.042118844980221046
0.0 0.3050636523485342 0.5585316335319276 0.028589027107117325 0.05795482895364845
0.0 0.32585230689245986 0.4982608692032192 0.02937848251053623 0.03151815821199087
0.0 0.3476053937673056 0.48380322620810734 0.029622612197803377 0.03814359376064251
0.0 0.36861405615257414 0.5615367426118393 0.032365070484923916 0.06471038089303179
0.0 0.41818733258310525 0.5839301122858442 0.030745609318001233 0.06862061244885816
0.0 0.4135362160509553 0.49419392409836194 0.020695122871100667 0.03516805340796072
0.0 0.4394315927561626 0.4633028231210705 0.02059743787180688 0.0325178931117839
0.0 0.4582795537528745 0.527687848611061 0.03531110716794572 0.048939468372553294
0.0 0.47180904087516595 0.4724571683698383 0.022070488965192325 0.024632412818648496
0.0 0.5318277880558013 0.6192992921056607 0.037760645189806576 0.06755577958095094
0.0 0.5058100721326074 0.5095359412790217 0.025993011645408525 0.03536326652567201
0.0 0.5553060061101981 0.5100328435913758 0.03040382645203401 0.05934496729710279
0.0 0.6606051577868574 0.6757929785055518 0.02412117871074946 0.08028608153693373
0.0 0.6165206969837438 0.48044317810440057 0.018929148718612863 0.03510298195501198
0.0 0.7028904428746555 0.5360376892844488 0.03035496757644971 0.05801989916546235
0.0 0.7846217588562857 0.7175154644929957 0.03569347500843438 0.10717824996696272
0.0 0.8102524048638168 0.5738292805562561 0.02128100080989883 0.051069107593202025
0.0 0.6310025819404608 0.5433404466756327 0.024910667797323694 0.053849412036410985
0.0 0.8839794791360637 0.5646039563712163 0.030501512382608453 0.06199515286731048
0.0 0.9296178561835801 0.5258155644780678 0.030159730447921973 0.05271953298958598
0.0 0.7797059293993177 0.5149841686926019 0.029769123320806744 0.04211884622135571
0.0 0.8812205394818473 0.4955042034379165 0.02255874927100763 0.037883309189982395
0.0 0.5109532764666749 0.46593820703641586 0.02226575977687535 0.02993278023565953
0.0 0.5807131229752307 0.4923926263484029 0.02285170415070379 0.045833811629139465
