0.0 0.9849766555162679 0.41834193089335636 0.030046688967464163 0.11938603168629132
0.0 0.8420450611320213 0.31143806797285484 0.04693542681154685 0.1447713840086343
0.0 0.7294829231658982 0.41894595375520893 0.039552624015158244 0.10154133737699667
0.0 0.6208531200182875 0.45452567372143876 0.03933696711638986 0.09436679924637348
0.0 0.5156182216380347 0.5016724886156885 0.033301954670706735 0.0959773747105439
0.0 0.44600022223868585 0.5172294734313851 0.03901348382489393 0.08360506047190519
0.0 0.3350870864923821 0.5528778272829082 0.028142236086692796 0.07611022971294297
0.0 0.21898727504971846 0.5680367544116766 0.026889544708835623 0.08503257686759014
0.0 0.16502281490808335 0.5974852046463208 0.029987921754551162 0.08691772382912202
0.0 0.8057972209596574 0.47410000775560307 0.02411465301127258 0.09390923710199317
0.0 0.6526993967922778 0.5002448797189712 0.023467742439922466 0.07238569287704433
0.0 0.7607091889267503 0.4440384481540329 0.03025754991798175 0.09588586402712225
0.0 0.8648405283482683 0.46155371517840216 0.02608083545176747 0.05812819572068602
0.0 0.8365526070981651 0.5342139769346265 0.029556610013671047 0.07256871598934209
0.0 0.9582893503946492 0.47849250800815524 0.02629654836217803 0.0653026671752972
0.0 0.7615528690202586 0.548137474404564 0.021568083450745235 0.05978452827202174
0.0 0.3272683158134627 0.6222299142944139 0.02602692019874713 0.05633452697729702
0.0 0.42836783221722463 0.5895693929886248 0.029340954143231103 0.06539421206945209
0.0 0.58125 0.55625 0.03618461777768367 0.09068801600673142
0.0 0.6722600519010886 0.5427428646212422 0.029125356341089592 0.05821970989501661
0.0 0.7000914134087469 0.5562682811974128 0.026404319771591744 0.06888996870588775
0.0 0.6345485195937497 0.5806790323440175 0.027549180643408187 0.05638028406446231
0.0 0.4812017778302714 0.6238862587223715 0.023036430699042664 0.058036685037264404
0.0 0.4111794232882243 0.6259910358592494 0.026080835451767558 0.0581281957206861
