0.0 0.03749999403953552 0.7906250059604645 0.040625035762786865 0.09062498807907104
0.0 0.11484372615814209 0.7656250074505806 0.0390625 0.08749999105930328
0.0 0.16249999403953552 0.7445312440395355 0.037499964237213135 0.1015625
0.0 0.203125 0.7375000044703484 0.02812504768371582 0.0781249850988388
0.0 0.24062499403953552 0.7328124940395355 0.034375011920928955 0.09687501192092896
0.0 0.29374998807907104 0.7289062514901161 0.02187502384185791 0.07968749105930328
0.0 0.34375 0.7125000059604645 0.04062497615814209 0.10624998807907104
0.0 0.390625 0.7093750089406967 0.02499997615814209 0.06874999403953552
0.0 0.44609373807907104 0.7296875044703484 0.02968752384185791 0.0781249850988388
0.0 0.4156250059604645 0.7414062470197678 0.021874964237213135 0.06718751788139343
0.0 0.4937500059604645 0.7039062529802322 0.037499964237213135 0.10781249403953552
0.0 0.557812511920929 0.7257812544703484 0.03125 0.0859374850988388
0.0 0.6117187440395355 0.6843750029802322 0.035937488079071045 0.08437499403953552
0.0 0.649218738079071 0.7007812410593033 0.0234375 0.07656249403953552
0.0 0.6742187440395355 0.7195312529802322 0.017187535762786865 0.07656249403953552
0.0 0.7234375178813934 0.699999988079071 0.028124988079071045 0.078125
0.0 0.7679687738418579 0.6749999970197678 0.0390625 0.09687498211860657
0.0 0.800000011920929 0.7062499970197678 0.015625 0.06562498211860657
0.0 0.8304687738418579 0.65625 0.0234375 0.07187497615814209
0.0 0.8687500059604645 0.6882812529802322 0.025000035762786865 0.07343748211860657
0.0 0.8984375 0.6859375089406967 0.02812504768371582 0.07187500596046448
0.0 0.9390624761581421 0.64453125 0.03125 0.09218752384185791
