0.0 0.2034070571329643 0.4927584154193784 0.03552351223118024 0.059287359615830496
0.0 0.26462132379828274 0.5061930476762571 0.031553788876309954 0.05326700377872697
0.0 0.2518132090690629 0.4615640738636374 0.03146096455646195 0.04681027491613117
0.0 0.3086210462278847 0.5449095853349342 0.033631492830055176 0.06273396360645363
0.0 0.33688243073767127 0.4859043594977862 0.029086457074726457 0.03599094384651229
0.0 0.3569905710820238 0.4740155484538078 0.030570525666129278 0.04275303221385407
0.0 0.35855702975526316 0.5565777666123659 0.03789800644508103 0.07010668777357125
0.0 0.39360657383329023 0.5862422089209802 0.03739724458334557 0.07385865418081856
0.0 0.4073809365081555 0.49358003007898665 0.0230207294493165 0.038521523825415384
0.0 0.43398174165005077 0.4653966555497237 0.02242707887384956 0.03581669813191457
0.0 0.4364294824213083 0.533976683511799 0.037118716781770186 0.05448833279267493
0.0 0.4579386796234946 0.4791598199908327 0.022037454916591148 0.02800750066990254
0.0 0.47706160175826196 0.6378706418985342 0.04266535197699835 0.07372753456691408
0.0 0.4777493625911825 0.5217817425765643 0.027194418744494353 0.039437519129937385
0.0 0.5170007258512778 0.5289786344891797 0.03531954062960026 0.064391694353092
0.0 0.5684371213421591 0.7132095589412396 0.03450363334888351 0.0848090532737018
0.0 0.5714261676898378 0.5069019179273164 0.021629490839034204 0.03821619011598933
0.0 0.6292636887106731 0.5755890535811844 0.03502270490466817 0.06303929149212353
0.0 0.6589039358611608 0.7727558611406431 0.048787286304850144 0.11368939735211292
0.0 0.7072558105311972 0.6288536500930041 0.026582469797522813 0.05475054040140783
0.0 0.5706926504909575 0.5733662075047106 0.0299586241292241 0.05806603933751671
0.0 0.7676633096369977 0.6293531956301054 0.035913196866339626 0.06709654584191282
0.0 0.8114969640200311 0.5957377547289979 0.03383549857386683 0.05762961180950619
0.0 0.6944293869932745 0.5643748228968314 0.03146099109213143 0.046810280739887314
0.0 0.7789239359569178 0.5581114709871005 0.02500559776066904 0.0415317031999062
0.0 0.49032669308113286 0.47776262419142823 0.02322468778306188 0.03341718617627594
0.0 0.5406333909797312 0.5143194495922604 0.026786475541334464 0.04964618860446022
