0.0 0.8160544058540127 0.22224527887590817 0.137605112000605 0.055074705508450394
0.0 0.78306679303488 0.3794064663725311 0.11551789941841877 0.052020404585482447
0.0 0.6864557261672676 0.5584118098428406 0.12694898816853736 0.05032420209551045
0.0 0.6503907894831144 0.7440873100887913 0.1215389001989351 0.05940688159931895
0.0 0.5971562125569172 0.8661041123138196 0.14192711254492768 0.06222617602371692
0.0 0.5627750279066397 0.9902884250111759 0.13605497891584592 0.01942314997764818
0.0 0.49033099257282303 0.8998487855686218 0.0922757391242306 0.04061408587524582
0.0 0.430582871236241 0.9562757171258512 0.0514992968091418 0.03497536958477241
0.0 0.4587064168024863 0.9822486778975369 0.06060528755645036 0.03550264420492617
0.0 0.5238035241377885 0.7955273432895051 0.10817776038247465 0.059197690559110325
0.0 0.5222562496020817 0.6940238343689539 0.08277462781653347 0.04421560921206709
0.0 0.49311618723144585 0.7231899924314127 0.0672524597275034 0.040430710293398245
0.0 0.4655596924947062 0.7534262594082349 0.07528556562833826 0.03826462224796394
0.0 0.4102796038994617 0.8777137451988019 0.05898835899733692 0.04092635654887555
0.0 0.43628600676917806 0.8336443087489698 0.080613590732412 0.040639837612768126
0.0 0.549227669193417 0.6492367166150941 0.11111382719701579 0.05632676521798992
0.0 0.5846378163021674 0.5622066713360891 0.07744653790009144 0.041840384884770467
0.0 0.6169477620537677 0.4475104145527425 0.09613570282062547 0.04442479128978345
0.0 0.6076212775333192 0.3960015046252726 0.06609751201550126 0.03207869250612951
0.0 0.5940654079853083 0.29368856288893086 0.07582960934097809 0.030147547238426275
0.0 0.562247977863168 0.4799514564208753 0.09204475310645073 0.03894370780612757
0.0 0.6517269582196703 0.23356838834353696 0.08524865778314653 0.03800391877021778
0.0 0.5887030387867123 0.5891551696759837 0.07027058940757272 0.02610189008366497
0.0 0.5169548612730229 0.3817614997351935 0.05126830197981036 0.03330492779481524
