0.0 0.8610744868236221 0.4964163666512039 0.043157442190607576 0.09212015317404329
0.0 0.7246338227800082 0.5087078107115568 0.037762775397240135 0.0806050650490902
0.0 0.8550312302624326 0.4061778313352818 0.0403083607756642 0.05803842869314124
0.0 0.6069790629031608 0.5086749754949693 0.029484745549377057 0.08193568477863619
0.0 0.7407101831566225 0.40626081873487935 0.02547537292022515 0.062377708271903295
0.0 0.7135055354045469 0.42072581167244627 0.021635018448431787 0.04768026223973445
0.0 0.6391500725541206 0.44734059231323364 0.02575685861208248 0.07047860563299588
0.0 0.6620517755421277 0.364596388497895 0.028583991120677065 0.05601280704264564
0.0 0.5876290107031337 0.4171629917688356 0.020474788672536447 0.06220395061841018
0.0 0.4943811857009129 0.5071956813766911 0.03154566616809369 0.0933348719265024
0.0 0.3998654687904139 0.5136442884745376 0.032874724417494325 0.08367173829651628
0.0 0.2626195327761712 0.5250966959190956 0.03632106100327026 0.0870278869691445
0.0 0.09116364558086623 0.5605035153172473 0.036377359430180965 0.0886481035243282
0.0 0.32075060975243713 0.43708807183276566 0.022254285037709032 0.06550218080969028
0.0 0.513284616610917 0.41944612219039534 0.03180507792941034 0.05288830360238768
0.0 0.5620398049887931 0.3611212100342803 0.018470165406947812 0.05242494912325677
0.0 0.6122991429087777 0.3555680030093313 0.02140982903591988 0.041199519628883595
0.0 0.4894185802632472 0.3618420743891998 0.023133030195529612 0.04287762597239286
0.0 0.4509007544287 0.3897021222640096 0.021691251141898515 0.04930041478052773
0.0 0.42312702875394714 0.37251569899749004 0.021578720021521124 0.04606004568455067
0.0 0.4042737886581083 0.4107918616048016 0.02714227672670706 0.06243562896269985
0.0 0.37010305544871114 0.4096045150615758 0.025475436506103667 0.062377710481351656
0.0 0.3494471314566002 0.3796883290619023 0.02202909669897979 0.05902146910131041
0.0 0.2579163703558701 0.42030551077437506 0.025475435432321003 0.06237767957888067
0.0 0.1920409085155628 0.37097459276126626 0.0236959379933658 0.059079418485129674
0.0 0.17661199680840314 0.45478952809264933 0.028809118021093115 0.06249357834651912
0.0 0.08744568254517449 0.4273592048599383 0.029372088331025115 0.0786953421662333
0.0 0.1302995645764926 0.3947833984398093 0.0288091158735277 0.06249351654157707
0.0 0.31113738278638003 0.37754609127950134 0.028189910722563605 0.044671538376127716
0.0 0.5250309966105664 0.36956806767811334 0.021353532756574544 0.039579364878641866
