0.0 0.20256617106126057 0.5822314150799398 0.037997822890838105 0.08347212552980716
0.0 0.3107905683840964 0.5888345394533724 0.03324808692841637 0.07303804755430363
0.0 0.20335929840975497 0.5014283944174978 0.03425251283889721 0.05301172116133994
0.0 0.4036455473808296 0.5850311172515874 0.026799004677373218 0.0739575259704571
0.0 0.29358830046124457 0.4978353748406389 0.02278314002417874 0.05640131916642179
0.0 0.3156963877456759 0.5098841430710678 0.019114724326431486 0.04318155124970113
0.0 0.3755525492348431 0.5312737088798771 0.023362252306438024 0.06362873803335463
0.0 0.35383176550025 0.45809378367591974 0.024945804863200128 0.0508297768714975
0.0 0.4148846309562349 0.5026636889637219 0.018844159046008536 0.056085693171624665
0.0 0.49244572404839637 0.5800978034843716 0.028922769771969482 0.08418113314749336
0.0 0.5673243150243179 0.582826435670103 0.029540786217025515 0.07561345768330323
0.0 0.6761472767108115 0.5886542264244445 0.03239841157491989 0.07871479817971334
0.0 0.8130252411956898 0.6147828747292248 0.03251423918671392 0.08016031523827075
0.0 0.9172337528737519 0.604250597548474 0.032475297459130026 0.09595540655937045
0.0 0.626390488403931 0.5119017259732892 0.020388819961569382 0.059081827344231466
0.0 0.4736599127765995 0.5023183909964674 0.02734013523821934 0.04814924212660996
0.0 0.43261082048725524 0.4517812951451134 0.016836244397211875 0.04730757748940908
0.0 0.3927000751827003 0.4484328716785873 0.01865144775919032 0.03739959530382899
0.0 0.4899572999410826 0.4500957150168647 0.020080237604131846 0.03895029111577095
0.0 0.5215842876642311 0.4737472519043813 0.019230547519853758 0.04462701316742086
0.0 0.5427467716592738 0.45750387756896965 0.018998921757829114 0.04173603619782575
0.0 0.5593129234137572 0.4910908167573359 0.02409611698810803 0.056506526493566155
0.0 0.5862290951726552 0.4889340550124549 0.0227831525457745 0.05640132016976276
0.0 0.6012130588832989 0.46154763643948193 0.019925520560322596 0.05329989696209614
0.0 0.6752414882418407 0.4948944594240011 0.022783150336588686 0.05640129259934392
0.0 0.7250584522657325 0.4487145211411643 0.02123848721184194 0.05340513085631837
0.0 0.7409287085383636 0.523090627573034 0.025409083639627107 0.0566117603877883
0.0 0.8100925170178194 0.4957271519680326 0.02656733103815121 0.07106657255791697
0.0 0.7748355793730342 0.46800216744231377 0.02540907922125548 0.056611705246950715
0.0 0.6313537791331093 0.4584051101276592 0.024135054297320213 0.040711380031628684
0.0 0.4621914392024994 0.45813962925957563 0.01853562456576805 0.03595413338610935
