0.0 0.9234375059604645 0.4781250059604645 0.034375011920928955 0.10624998807907104
0.0 0.953125 0.39921875298023224 0.02812504768371582 0.07343748211860657
0.0 0.910937488079071 0.38359375298023224 0.02187502384185791 0.04218748211860657
0.0 0.890625 0.4000000059604645 0.01874995231628418 0.034375011920928955
0.0 0.8624999821186066 0.44609375298023224 0.028124988079071045 0.07968750596046448
0.0 0.831250011920929 0.421875 0.02499997615814209 0.059374988079071045
0.0 0.8062500059604645 0.4242187440395355 0.012499988079071045 0.0546875
0.0 0.73828125 0.45000000298023224 0.02656245231628418 0.07187500596046448
0.0 0.6726562678813934 0.43437500298023224 0.020312488079071045 0.04999998211860657
0.0 0.6843750178813934 0.38671875 0.018750011920928955 0.035937488079071045
0.0 0.6257812678813934 0.46562498807907104 0.026562511920928955 0.07187497615814209
0.0 0.6031250059604645 0.4156249910593033 0.018750011920928955 0.05312499403953552
0.0 0.757031261920929 0.37968748807907104 0.01718747615814209 0.046875
0.0 0.5578124821186066 0.4124999940395355 0.018750011920928955 0.043749988079071045
0.0 0.538281261920929 0.4273437410593033 0.01406252384185791 0.04843750596046448
0.0 0.5218749940395355 0.42109374701976776 0.012499988079071045 0.04531249403953552
0.0 0.5031249821186066 0.4593750089406967 0.028124988079071045 0.06874999403953552
0.0 0.45625001192092896 0.43437500298023224 0.02187502384185791 0.04999998211860657
0.0 0.421875 0.4710937440395355 0.03125 0.057812511920928955
0.0 0.4781250059604645 0.41093750298023224 0.018750011920928955 0.04375001788139343
0.0 0.32343751192092896 0.46562500298023224 0.02187502384185791 0.04999998211860657
0.0 0.2874999940395355 0.4749999940395355 0.028124988079071045 0.06562501192092896
0.0 0.32343751192092896 0.4125000089406967 0.02499997615814209 0.03749999403953552
0.0 0.23515626788139343 0.44062499701976776 0.026562511920928955 0.05937501788139343
0.0 0.14687499403953552 0.49687498807907104 0.034375011920928955 0.0625
0.0 0.06562498211860657 0.4937499910593033 0.028124988079071045 0.06874999403953552
0.0 0.43281248211860657 0.4124999940395355 0.018750011920928955 0.034375011920928955
0.0 0.4000000059604645 0.4242187589406967 0.025000035762786865 0.04531249403953552
