0.0 0.03212896338835809 0.44752357838000023 0.056477492623452766 0.08820472607321213
0.0 0.08064441796689031 0.45501710406557405 0.058398455249927685 0.10048882757022959
0.0 0.11939556100626822 0.4515459702635104 0.044263685065257574 0.07712508612832733
0.0 0.15473674888667763 0.4467186487127227 0.05443064735365759 0.09551450114020552
0.0 0.20415261601598383 0.4374180466146008 0.03893133159360742 0.07702393118012978
0.0 0.2536914846560997 0.4401257160084716 0.062366222346210476 0.10546314321456585
0.0 0.2972171541497681 0.43162967339181807 0.03918020244100804 0.06793039694901859
0.0 0.3430078040895336 0.3999584073269622 0.0456897534227191 0.07750207467677864
0.0 0.3124103830456901 0.39675876539811 0.03595620726113724 0.06576966181975168
0.0 0.3926389196494163 0.41167228504207953 0.059886005589483024 0.1061159653632711
0.0 0.4459010391970198 0.3765207935008212 0.04897527847793555 0.08491299666865001
0.0 0.5049553143822667 0.4007945910994318 0.05288156713875658 0.08463717648455953
0.0 0.5352759627334027 0.3769756523906409 0.03961361798129346 0.07458734903444579
0.0 0.5536302759408926 0.3540624061896563 0.033909398951430705 0.07307940922155746
0.0 0.6031999248919933 0.3597721534856747 0.044263688611889854 0.07712509954449062
0.0 0.6497929827845266 0.3715365983715798 0.0587088317327817 0.09664543635800364
0.0 0.671589434921503 0.3356726317117105 0.0298800611798149 0.06285489592892883
0.0 0.7112981948483361 0.3733385515381701 0.038497939706681625 0.07036697286899773
0.0 0.7386129468360648 0.3352632418473793 0.0402959280223385 0.07215076066305688
0.0 0.7662659724185389 0.33021066285519873 0.042776179072321695 0.07149797253713697
0.0 0.8131987091386673 0.35768885903803954 0.050462853057383406 0.0905401783054108
