0.0 0.7437017574467188 0.6567711377518696 0.048033999034248785 0.10973626911202264
0.0 0.618245358719035 0.6710239493004619 0.044808261481179376 0.09233286345805088
0.0 0.4606391673300598 0.6427706640752712 0.04393794837830338 0.10122063790831
0.0 0.31314537474901194 0.6618004747346602 0.05076714530932445 0.09731553569229714
0.0 0.20885973499403768 0.6520508718023208 0.05374470311605517 0.1133802282587526
0.0 0.08954921703132537 0.6630874696759196 0.05796664842622341 0.1089918201967743
0.0 0.05774016526389184 0.6260571019095794 0.040152973866179865 0.08759181400398859
0.0 0.15706677757276039 0.5799524985904753 0.03506444340436508 0.07372132546852246
0.0 0.1000853614315326 0.5489725735719486 0.029109228332887916 0.04159192190097531
0.0 0.08133482754556884 0.5787576302164873 0.04313792838080797 0.04936310418943979
0.0 0.24322770095392646 0.5792143733878573 0.050085672987162336 0.08684737430605871
0.0 0.31855964098237033 0.5527890877891671 0.03748648273771775 0.06641387766864568
0.0 0.28954117494934506 0.538089293213754 0.03394967850637962 0.05412371578356172
0.0 0.2601190751571352 0.5248490603582512 0.03258310536884181 0.060334082493424465
0.0 0.1536298566033268 0.5141231714091682 0.03401260570176379 0.047671717076196704
0.0 0.1929846602492958 0.5227529518793899 0.03463110109953389 0.06459186795248203
0.0 0.3586902876118504 0.5619674389471945 0.0479747003320782 0.08904157833704787
0.0 0.43243537972163126 0.566992363625325 0.035438477541472314 0.062156041141308904
0.0 0.5260457800809146 0.5627964019675294 0.03816794559432646 0.07688198798660509
0.0 0.5621451920899521 0.542950528304282 0.027431597982634857 0.052915583448005066
0.0 0.6350884002266228 0.507274999333599 0.026313154862428068 0.06046465402806582
0.0 0.48821491255717503 0.529651599811282 0.03376084719121932 0.0734797026883383
0.0 0.6943048540316002 0.5357635627008628 0.032768308190788534 0.06812478507098749
0.0 0.4133459393201437 0.5767618160403977 0.022961513189582304 0.05596523657150598
0.0 0.55017363359927 0.47108717603463485 0.027805582390734072 0.041350289903473225
