0.0 0.10624999925494194 0.52734375 0.028124995529651642 0.0859375
0.0 0.21796874701976776 0.514843761920929 0.03281250596046448 0.07656252384185791
0.0 0.25 0.48125001788139343 0.03125 0.06562501192092896
0.0 0.3031249940395355 0.5023437440395355 0.028124988079071045 0.08281248807907104
0.0 0.3375000059604645 0.49921876192092896 0.018750011920928955 0.06093752384185791
0.0 0.3656249940395355 0.4843749850988388 0.018750011920928955 0.06562498211860657
0.0 0.38750000298023224 0.4937500059604645 0.025000005960464478 0.09062498807907104
0.0 0.43437500298023224 0.49687498807907104 0.021874994039535522 0.0625
0.0 0.46875 0.46484375 0.02499997615814209 0.09218752384185791
0.0 0.546875 0.46171875298023224 0.03437495231628418 0.07656249403953552
0.0 0.6218750178813934 0.41796875 0.028124988079071045 0.06718748807907104
0.0 0.6062500178813934 0.45624999701976776 0.018750011920928955 0.04999998211860657
0.0 0.66796875 0.4398437589406967 0.0390625 0.09531250596046448
0.0 0.7109375 0.43046875298023224 0.02499997615814209 0.07343748211860657
0.0 0.7523437440395355 0.4390625059604645 0.020312488079071045 0.0625
0.0 0.7874999940395355 0.39921875298023224 0.021874964237213135 0.08281251788139343
0.0 0.8187499940395355 0.41875000298023224 0.028124988079071045 0.10312500596046448
0.0 0.903124988079071 0.4398437440395355 0.03125 0.08281248807907104
0.0 0.957812488079071 0.38750000298023224 0.02499997615814209 0.08437499403953552
0.0 0.9859375059604645 0.38984374701976776 0.028124988079071045 0.12656250596046448
