0.0 0.8188018454963857 0.7839997671920353 0.03657058081676094 0.10015697204164678
0.0 0.6810006587461978 0.7693764238977412 0.03580882900524322 0.0837111864278433
0.0 0.5190684634298197 0.7092631976695414 0.03330989435686691 0.09243182920103318
0.0 0.3565106652619507 0.6941270316678054 0.041802804104104974 0.08777585269408199
0.0 0.24719554656294312 0.662440382177998 0.042505960482149205 0.10295659643692164
0.0 0.11675499422038846 0.6462563177632565 0.04808976084087922 0.09816582483164957
0.0 0.09166234140985374 0.6057930129881055 0.03126938385784338 0.07971389248734492
0.0 0.20919811225716317 0.5858816426401796 0.027774323182287786 0.06692853435639297
0.0 0.15568317424792857 0.5453696270887465 0.026368010426199316 0.03656704687071377
0.0 0.12838798105405944 0.5681930918810849 0.041147880378124314 0.04230104266196024
0.0 0.3016446206708376 0.6041092025595314 0.04278857363546642 0.07772274572911986
0.0 0.38871759922050925 0.5967323602097198 0.03178639296910415 0.05954030623167981
0.0 0.36120356264667186 0.5770751869807288 0.029804471550135058 0.048087362939953235
0.0 0.3329036516157796 0.5586494171709394 0.027188346034812037 0.05427792197121502
0.0 0.22146529910295526 0.5255966415509908 0.0309660434888404 0.04182943048865795
0.0 0.2615187821805941 0.5420312886011703 0.028818702018773658 0.05814046990491537
0.0 0.42946906718790945 0.6138332393557853 0.03999667345610138 0.08011813153175584
0.0 0.5072236056206906 0.6345496964514227 0.030156076364822936 0.0556777119672871
0.0 0.608485302018616 0.6512839086703606 0.030800635074121275 0.06959336558090863
0.0 0.6519511454997661 0.6412533266864446 0.022531759153650466 0.047750498409868315
0.0 0.738707013947799 0.6249873835629721 0.019974229071800843 0.05520609931209428
0.0 0.5760027122069591 0.6130138457252527 0.02631981122062301 0.06686116286392112
0.0 0.7952189406241008 0.6637365342472512 0.02608542501618416 0.061800898863556594
0.0 0.4844144394811333 0.6391981737452683 0.016889333382872528 0.051276178600881114
0.0 0.6565405739646353 0.5736399453015218 0.0249134429779307 0.03649967280815965
