0.0 0.24520498461782408 0.011561764188886117 0.1116458425111229 0.023123528377772234
0.0 0.28448200403188395 0.0345773435488692 0.10494816578089594 0.059444873896358594
0.0 0.2892703575098902 0.08213505223760295 0.07754758102660206 0.04272284361275445
0.0 0.31090195233675016 0.14056209958783045 0.0785266345827007 0.04782329569522137
0.0 0.3326403177500182 0.1769336649453776 0.10429552493763108 0.056044625962228235
0.0 0.3450489462563701 0.20540077262641626 0.0685228593591272 0.03771552704061687
0.0 0.3437359292980243 0.2347388920192001 0.08224450482382503 0.0419869225281035
0.0 0.35930886690266955 0.26612418321868114 0.07959105069326133 0.036565009737670226
0.0 0.31717856757144275 0.2953645233233281 0.06452134645408361 0.03367246901123311
0.0 0.37865606342765645 0.3126501143487255 0.10736070994964883 0.046807933875058036
0.0 0.3838134567659002 0.35308581870780537 0.07187166754709332 0.03835832487540434
0.0 0.36706168325920385 0.39243854801236927 0.07889565225001735 0.041344053707394
0.0 0.33821389426580184 0.3732967262763524 0.05247408911491558 0.029722469376023807
0.0 0.39694489148043294 0.4395863612093912 0.10633896266738399 0.049886785956911074
0.0 0.38556402325284006 0.47526393736655737 0.07461053565699638 0.027421447030596457
0.0 0.38610993167107094 0.5007197058514454 0.08861580429764242 0.04157233244004086
0.0 0.3945597577815668 0.5176070962296947 0.0769376090116329 0.031143161802925957
0.0 0.4223858057171716 0.5404706064404294 0.10196838770918193 0.05232289892943269
0.0 0.4195401865088314 0.5753913071870571 0.08461429139259877 0.03752927441065701
0.0 0.4257330247873409 0.6438329644490647 0.08494062778268452 0.03922940144283862
0.0 0.4539845359042566 0.6824799772808394 0.10829701835470376 0.06008774271706807
0.0 0.4836832068744389 0.7331887455334798 0.08391892488626133 0.042308324510613726
0.0 0.46309306646482096 0.7706340588920637 0.06987094303147776 0.03633680199094549
0.0 0.455344673986984 0.8161911898268762 0.08559333249976202 0.04262966163743496
0.0 0.5023837658086695 0.844180791846967 0.10094668481275866 0.05540182199720789
0.0 0.521637927566623 0.9444898402171045 0.12308309941793309 0.05310079352154773
