0.0 0.09188374816170815 0.3514299388125169 0.05263994949404123 0.08181702655453496
0.0 0.12112847567229865 0.41171427894333734 0.04790414722223686 0.07467601650997543
0.0 0.20838138183015054 0.3490906861603496 0.051001447394378355 0.07201946877870657
0.0 0.31508762007449054 0.34931047109260194 0.03888530722736401 0.08427855689754722
0.0 0.2684590511257502 0.4153706865636247 0.033969826988502524 0.05488588792822498
0.0 0.42534750395332777 0.3618746874900475 0.040796883743914505 0.09570904446543471
0.0 0.5237194256134515 0.3615399678975505 0.044077444544270164 0.08355957100279401
0.0 0.36041175369863326 0.4366234570911397 0.034242910092099434 0.05651881917300496
0.0 0.36023561929404624 0.49366620241044484 0.024771317713281872 0.0422367708437549
0.0 0.41160356621958377 0.4552560846730752 0.02786860572063219 0.03958025135261707
0.0 0.4604221513982926 0.4264911782700933 0.03405969116688583 0.06601169132955684
0.0 0.41475114553026043 0.503622385456185 0.027595522617035417 0.03794732010783699
0.0 0.45496585200158124 0.5095083879858826 0.029507128671795346 0.04937778234103547
0.0 0.5346658824161292 0.5144440617635345 0.028960967673228755 0.046111950997048276
0.0 0.5123487204305761 0.5023188679199226 0.02950712867179526 0.04937778234103547
0.0 0.7090764861084198 0.35057329181116276 0.04990552363212517 0.09723232700299995
0.0 0.8043653383183871 0.48065330034658615 0.04116341020896952 0.076723224148264
0.0 0.7009827651471385 0.47175709476010663 0.038432520096583024 0.060393962369841604
0.0 0.9573697004792538 0.3048096902556482 0.057009202718745655 0.10794382286525037
0.0 0.5885831589459725 0.4663887113081069 0.034605892120915624 0.06927755963000086
0.0 0.619374777354578 0.5118243911701355 0.02950712867179526 0.04937778234103547
0.0 0.5628542781519826 0.4914613370429965 0.019395991009371373 0.052448603560370885
0.0 0.7175203054493112 0.5240412806943405 0.0352454026576857 0.05192468427053152
0.0 0.6640953194316335 0.49076713426502544 0.039524852510970196 0.06692568734896173
0.0 0.756640892519021 0.5196727386531308 0.03588143304326241 0.06631635016142337
0.0 0.9431765626107443 0.45686676690820294 0.0510014595591695 0.07201944053857563
0.0 0.8520969181543208 0.508778809846976 0.030599461086182344 0.05590950732015569
0.0 0.8253224170661951 0.5513018101927769 0.02768542675088188 0.04907316046562578
0.0 0.9522959235315376 0.5591074584888255 0.03588143304326223 0.06631635016142337
