0.0 0.03985966854311837 0.4983194260247485 0.03296925921250239 0.06931089543362176
0.0 0.07947736316409168 0.5653608212791614 0.04149285547897957 0.08861735287503877
0.0 0.13987183437716239 0.5298598265395379 0.03444385049377663 0.06952050807566659
0.0 0.16407056116124732 0.5095975224440924 0.026857842536198006 0.05680976114975458
0.0 0.08187279109039845 0.48696407914695594 0.01962133195217557 0.03639382033603038
0.0 0.22047174278910933 0.4618791028023829 0.01814674770230722 0.03618420869349759
0.0 0.30371361109336115 0.4971491975350847 0.025170189217479776 0.044937487953630575
0.0 0.245531026832638 0.5323357861418356 0.03294372750554322 0.05896738371394061
0.0 0.3525327582690706 0.5177984023582113 0.032781749976235286 0.06799174959775973
0.0 0.2890530665044927 0.45751347445358065 0.017771729229772947 0.03354591702177334
0.0 0.36689528033870267 0.470672580509963 0.03034404564963671 0.05084289105916353
0.0 0.4643205196840835 0.4998891073165833 0.032594205582938775 0.06667259876433809
0.0 0.4172189564209459 0.4648648895197205 0.019996360910946365 0.039032088846145375
0.0 0.5449798586591512 0.49582532224560544 0.0346058280230845 0.06049614219184738
0.0 0.5144056142964475 0.4712367829031089 0.027394824475228407 0.050423684938635735
0.0 0.583148908509733 0.4574275663849338 0.03034402110058849 0.05084291222174899
0.0 0.6386974781007158 0.4777930872367902 0.026644819232358508 0.045147130753868225
0.0 0.6741132515663848 0.4835251264152204 0.03516837324952817 0.06445355753733643
0.0 0.6350964067941363 0.43658526384263513 0.025869201360489757 0.029527028694155
0.0 0.7050286243651549 0.4575977713458871 0.02776985343399918 0.05306195344875064
0.0 0.8201490030625489 0.4842989530312156 0.03554340578487416 0.06709185120808447
0.0 0.8990396875579758 0.4730846566051662 0.03444386455658836 0.06952051007469037
0.0 0.43917585693044464 0.471164300638739 0.02074642240506295 0.04430865102700832
0.0 0.10834723412466522 0.4932942242582593 0.025707216799775966 0.03855139357846218
0.0 0.12414165805964408 0.4668247024383813 0.024957148274253372 0.03327483039808721
