0.0 0.6517956177668213 0.9100534013986031 0.07405390824005913 0.03929248873238631
0.0 0.6261350206239605 0.7911031047166267 0.06704823429535836 0.0433548038052141
0.0 0.5942764504547844 0.7601471805312165 0.0579022168744455 0.04052522130168592
0.0 0.6041490293467694 0.7007465339309787 0.07150251114740377 0.03896459626375792
0.0 0.5968422523158814 0.6640707622267774 0.052345911071030746 0.026577541427572536
0.0 0.5808323621967111 0.6353525174493099 0.05617295650012224 0.027069361846154917
0.0 0.5854603710195645 0.6108210850115328 0.07744867002117103 0.036420356216081376
0.0 0.5815271014063355 0.560033694336003 0.05405389171927899 0.03010542856628966
0.0 0.5506199980255355 0.5263908588749905 0.07872438826123762 0.036584269485879874
0.0 0.5372608785574409 0.4426195595028902 0.06726435725380116 0.04503672657708933
0.0 0.4911660388927772 0.36647469036557356 0.05874557950149022 0.03732518027610645
0.0 0.5245820661064948 0.3792779579599087 0.04341602485420868 0.025429945858503535
0.0 0.5026491889827845 0.31456100876196275 0.08322115569250857 0.05205002927852971
0.0 0.4890507705641962 0.269290108738626 0.06341603622145878 0.034616965922985174
0.0 0.49033898637399015 0.2238158694528059 0.053837736183272165 0.028423438504892484
0.0 0.4529453272362721 0.19015174851838937 0.07063791333529261 0.032236639145107125
0.0 0.4645683975648228 0.15446280563105036 0.08808653688624143 0.04109583892386748
0.0 0.4701178943939245 0.06142248456456904 0.0719348222194176 0.042328576386552165
0.0 0.419816765779216 0.012963689393911237 0.0723458981063648 0.025927378787822475
