0.0 0.9757812321186066 0.7781250178813934 0.035937488079071045 0.11250001192092896
0.0 0.8499999940395355 0.7203124761581421 0.043749988079071045 0.078125
0.0 0.731249988079071 0.7046875059604645 0.03125 0.06874996423721313
0.0 0.628125011920929 0.6875 0.02499997615814209 0.06562495231628418
0.0 0.5625 0.680468738079071 0.03437495231628418 0.0546875
0.0 0.4781250059604645 0.675000011920929 0.025000035762786865 0.05312502384185791
0.0 0.375 0.68359375 0.02187502384185791 0.04218745231628418
0.0 0.33906251192092896 0.6648437678813934 0.02499997615814209 0.051562488079071045
0.0 0.9671875238418579 0.6109375059604645 0.03125 0.059374988079071045
0.0 0.926562488079071 0.6687500178813934 0.02499997615814209 0.06562501192092896
0.0 0.8921875059604645 0.6843750178813934 0.028124988079071045 0.07499998807907104
0.0 0.7593750059604645 0.667187511920929 0.018750011920928955 0.0625
0.0 0.875 0.6124999821186066 0.02187502384185791 0.043749988079071045
0.0 0.8375000059604645 0.6468749940395355 0.025000035762786865 0.021874964237213135
0.0 0.7984374761581421 0.6156250238418579 0.015625 0.046875
0.0 0.7789062559604645 0.6335937678813934 0.026562511920928955 0.042187511920928955
0.0 0.45390626788139343 0.6265625059604645 0.020312488079071045 0.050000011920928955
0.0 0.550000011920929 0.6296875178813934 0.02187502384185791 0.043749988079071045
0.0 0.7039062678813934 0.6312499940395355 0.026562511920928955 0.043749988079071045
0.0 0.7320312559604645 0.6171875 0.020312488079071045 0.04375004768371582
0.0 0.5843750238418579 0.5999999940395355 0.015625 0.034375011920928955
0.0 0.5218749940395355 0.609375 0.025000035762786865 0.03437495231628418
0.0 0.5101562440395355 0.6585937738418579 0.017187535762786865 0.0390625
0.0 0.6656250059604645 0.6375000178813934 0.025000035762786865 0.059374988079071045
0.0 0.6500000059604645 0.6117187440395355 0.012499988079071045 0.045312464237213135
0.0 0.6031250059604645 0.6265624761581421 0.018750011920928955 0.03125
0.0 0.6156249940395355 0.6281249821186066 0.009375035762786865 0.028124988079071045
