0.0 0.10859375447034836 0.4437499940395355 0.03593750298023224 0.06562501192092896
0.0 0.13046875223517418 0.3960937410593033 0.02968750149011612 0.06093749403953552
0.0 0.22812499850988388 0.453125 0.03437499701976776 0.0625
0.0 0.2593749985098839 0.4156249910593033 0.024999991059303284 0.05625000596046448
0.0 0.30937500298023224 0.43359375 0.021874994039535522 0.057812511920928955
0.0 0.3375000059604645 0.4593749940395355 0.028124988079071045 0.06562501192092896
0.0 0.234375 0.3843750059604645 0.018750011920928955 0.034375011920928955
0.0 0.3187499940395355 0.36796875298023224 0.018750011920928955 0.026562482118606567
0.0 0.38750000298023224 0.4117187410593033 0.021874994039535522 0.04531249403953552
0.0 0.4398437440395355 0.4546875059604645 0.035937488079071045 0.07499998807907104
0.0 0.5328124761581421 0.4625000059604645 0.03125 0.06562501192092896
0.0 0.6781249940395355 0.47187498211860657 0.025000035762786865 0.07499998807907104
0.0 0.640625 0.41484373807907104 0.02187502384185791 0.0546875
0.0 0.375 0.3687500059604645 0.018750011920928955 0.028124988079071045
0.0 0.41484375298023224 0.3687499910593033 0.014062494039535522 0.03749999403953552
0.0 0.46562500298023224 0.4117187559604645 0.028125017881393433 0.051562488079071045
0.0 0.4898437559604645 0.3687499910593033 0.020312488079071045 0.04062500596046448
0.0 0.5218749940395355 0.38750000298023224 0.018750011920928955 0.04375001788139343
0.0 0.723437488079071 0.40625 0.02499997615814209 0.059374988079071045
0.0 0.7531249821186066 0.4000000059604645 0.018750011920928955 0.050000011920928955
0.0 0.859375 0.49921874701976776 0.03750002384185791 0.07968750596046448
0.0 0.8125 0.45000000298023224 0.02812504768371582 0.05625000596046448
0.0 0.909375011920929 0.41093750298023224 0.02499997615814209 0.05937501788139343
0.0 0.6046874821186066 0.3929687440395355 0.018750011920928955 0.051562488079071045
0.0 0.821093738079071 0.3765625059604645 0.0234375 0.046875
0.0 0.883593738079071 0.38984376192092896 0.0234375 0.0546875
0.0 0.555468738079071 0.39921873807907104 0.02968752384185791 0.0546875
0.0 0.6734375059604645 0.3812500089406967 0.025000035762786865 0.05625000596046448
0.0 0.4000000059604645 0.375 0.015625 0.02499997615814209
0.0 0.987500011920929 0.48906250298023224 0.02499997615814209 0.09999999403953552
