0.0 0.06324945269303993 0.6880229572387823 0.0596920901715565 0.0987562148594093
0.0 0.25086392094092375 0.6234188861618408 0.039850959766927915 0.07465362141796845
0.0 0.2203074316172303 0.5924930392889376 0.0327073775632825 0.0639255010838892
0.0 0.3705788052613113 0.6007115771288447 0.04667660981288897 0.08376541612334662
0.0 0.4292975823699042 0.6227403461802765 0.06667342994079099 0.10012931992076712
0.0 0.4881688009075562 0.6271105946616944 0.052392787924810856 0.09576663001954637
0.0 0.6143232907156282 0.6417515677099088 0.055254130627499266 0.11031405532216461
0.0 0.7695355504785457 0.7119574261838217 0.043510329800510214 0.10178875690422781
0.0 0.925999968728344 0.7332285839468538 0.07462809186893722 0.1576323720183143
0.0 0.9336883120263701 0.48659536104510365 0.04858416352939408 0.09346365855181107
0.0 0.8486434658954002 0.5058412641879724 0.04223213013599399 0.07822967662614921
0.0 0.7328020268555393 0.4883323036240048 0.05810247087120803 0.09067426886663084
0.0 0.6658432025851866 0.4981446602343385 0.05079659404005241 0.0705911526311704
0.0 0.5790399874880601 0.4808003791562254 0.04540489924993176 0.0772998800644226
0.0 0.4917729181635181 0.49796499672960826 0.04255009106648453 0.07984606718866356
0.0 0.4130768245534348 0.5218383384623515 0.03809911622406466 0.05721675264235104
0.0 0.3517432830425065 0.5095578508743822 0.029054486050348948 0.05388393737285355
0.0 0.2537640736088555 0.5229532674480373 0.046988036224138385 0.0682881942590016
0.0 0.4340079179131777 0.4807853488924085 0.03460842553335279 0.0565301960193076
0.0 0.5320714639862812 0.48164409406267056 0.03270089904263349 0.04683192930866555
0.0 0.8055451370594033 0.4572353191049114 0.04238131791832531 0.053397499512058834
0.0 0.8865250407782993 0.3850638031165299 0.03588009674259318 0.06299569470048763
0.0 0.9504831136336531 0.4152960813809976 0.042232196715496426 0.07822968972171576
0.0 0.6247172907365044 0.4180909311182095 0.03397253696212275 0.05329742144206238
0.0 0.44510280654813633 0.4450248677481767 0.033336714970395497 0.05006465996038365
0.0 0.4752472366502515 0.43238008621832763 0.03206501047140353 0.04359915473142033
0.0 0.49650276642915137 0.4114102119293673 0.026666793289972547 0.033214331397734886
0.0 0.36863219732728025 0.4802128513390958 0.03588013003234476 0.06299570124827092
0.0 0.723173371954406 0.40712007842556214 0.03031966209406507 0.04325586100491816
0.0 0.7027905193961581 0.42791832126625173 0.02762706531374972 0.055157027661082304
0.0 0.7967145427789152 0.3892973980908973 0.03397253696212284 0.05329742144206229
0.0 0.568223994985156 0.40737678850997305 0.02095709821564453 0.03830663089072876
