0.0 0.9296948384640953 0.5969757326700512 0.04917362985651277 0.08476158354941052
0.0 0.7366460144095253 0.6025053716322868 0.03183917705929433 0.06451770841679068
0.0 0.7569119518519832 0.6364778960989805 0.025830702032758522 0.055365257182287485
0.0 0.6184559875337122 0.5904549815619686 0.03770944709402615 0.07222749019299535
0.0 0.569427862095186 0.5566390098212846 0.05607922758417718 0.08542307215491585
0.0 0.5154957352921945 0.5376407908905587 0.042129748098997145 0.08265728158819412
0.0 0.4013477524269632 0.4924906116519626 0.043373637839640634 0.09564177451345728
0.0 0.2749802878514487 0.3930272955395023 0.032462293497361426 0.0888785516140028
0.0 0.13424630400566223 0.3344105060213048 0.05760194684582516 0.13703021384566902
0.0 0.06054894714314556 0.5399204771396354 0.038538703406266396 0.08088378211959624
0.0 0.1453503767543448 0.5458603457400747 0.03384198187312095 0.06756854173707652
0.0 0.24907081310472887 0.5907396098862178 0.048482575899934946 0.0775479335634274
0.0 0.31439798460949386 0.5999097444024797 0.04337116035333022 0.0599045409085992
0.0 0.3909795815591152 0.6370932687259824 0.03715660603767708 0.06645659221835354
0.0 0.4773001129885054 0.6453626115543811 0.03398025799454718 0.06901127253974479
0.0 0.5574060571735728 0.6457568126367873 0.03204525371226996 0.04881317835485248
0.0 0.6115103603637653 0.6720513218391208 0.023274992941385263 0.046543547096032964
0.0 0.7068424037907567 0.6862797993269725 0.039780181517938565 0.058131047749009304
0.0 0.5267428665831517 0.6748504373317648 0.028592421919768008 0.04848243089759574
0.0 0.4351752158038374 0.6486069225782718 0.02776322882872524 0.0398261177623219
0.0 0.17258984812490707 0.5979724571370123 0.036809844270445424 0.04498119169945429
0.0 0.07732326341204511 0.6376207388398927 0.029145260339975488 0.05425330135455671
0.0 0.02560245867928441 0.5955390211679791 0.03384204773045997 0.0675685480460844
0.0 0.33131171695696626 0.677967892986214 0.028316001391593515 0.04559698191027488
0.0 0.5067145655600953 0.7020509485685702 0.0280395808634192 0.04271153292295411
0.0 0.47508631475003493 0.7048448674734458 0.02748680830055079 0.03694066877500113
0.0 0.4495344751669503 0.7169566420136376 0.02320471755966702 0.02795360187346265
0.0 0.587787977639561 0.6923461194718747 0.029145326197314424 0.05425330766356469
0.0 0.23618698760803492 0.6615753425167121 0.02576035815755957 0.036775278133028166
0.0 0.2608756363663642 0.6493808620511974 0.021686818919820317 0.04782088725672855
0.0 0.16253811668294965 0.6574318363410537 0.028316001391593647 0.04559698191027488
0.0 0.3813073089718201 0.7016848483066368 0.016851884486446166 0.03306289486286751
