0.0 0.9777746552535362 0.3022464640109256 0.044450689492927783 0.10850442333137682
0.0 0.8565261633617478 0.34179389505508057 0.04740894919997256 0.07306637421727306
0.0 0.7509035152376171 0.3346309084997845 0.03807995842587912 0.06786003683572446
0.0 0.6463682630473646 0.34007009545079275 0.04039416589413012 0.058765967701538455
0.0 0.5790628557905182 0.33430418259747013 0.03970274137182157 0.05331399745310143
0.0 0.48373673814269286 0.32359972662256264 0.03652424171122757 0.05559301278665032
0.0 0.3734327776596767 0.3109958179131719 0.03828631241426343 0.055816480421028825
0.0 0.31618132211186517 0.31065974033531707 0.02418954513391065 0.05402871377176917
0.0 0.8888462925718799 0.37636106810437614 0.03403717976089364 0.06332410235731141
0.0 0.9513620149778159 0.4410712220664873 0.03863209519109425 0.05854250006716004
0.0 0.9313262658668606 0.38728813263686274 0.027367970981840274 0.05174963791913898
0.0 0.8701326646103433 0.4321545327408395 0.033033606405432535 0.041739593534010314
0.0 0.8070428601882093 0.42138356317304 0.022806689495317833 0.043124721280557485
0.0 0.45389841476034903 0.36828787931645807 0.033724963709052425 0.04719155525770358
0.0 0.5620945184665107 0.3833943489852826 0.03161717744787431 0.0442420765019377
0.0 0.5252968835509769 0.3911919564112075 0.023531687336591656 0.035170216069855445
0.0 0.6130921615782899 0.38362978857225616 0.018763910830332176 0.038588786802144434
0.0 0.626377570995016 0.37769759599907526 0.015412623906343636 0.03950483109691234
0.0 0.716450912118334 0.4015850857959121 0.023843829575768628 0.05130270265038197
0.0 0.7437802315963487 0.4119756034283061 0.022460973937175676 0.0403987101591702
0.0 0.6827814906976105 0.39177541100671837 0.03369146420275149 0.06059809123592404
0.0 0.7840156413016253 0.4053064815719818 0.02650375919613728 0.04493469663192071
0.0 0.5876088329127731 0.4080964120063754 0.02405019015812835 0.039259198230023794
0.0 0.522553144540143 0.3492963241692196 0.02633089812007814 0.04357166507405843
0.0 0.7744995903302103 0.36739918455159987 0.03192932628102705 0.06037461507680177
