0.0 0.9938741899978993 0.5367205890910689 0.012251620004201236 0.06987558144986154
0.0 0.9174043828753558 0.50412479913757 0.04955316639965872 0.07295972914333113
0.0 0.8060327605616692 0.5277744395709975 0.047475181448924 0.07826563739094912
0.0 0.8559079246350425 0.5622373880899006 0.039062059550349734 0.05735629769986481
0.0 0.6916910190658825 0.5586703473633209 0.05729992923889249 0.09806413918183096
0.0 0.5911719678708048 0.576433115527976 0.05312177139060044 0.07382211279818822
0.0 0.7592228116349802 0.5880503538921382 0.0397284328253642 0.05316128617792106
0.0 0.7625199490423833 0.6329531939319123 0.028864669189044356 0.03601577440565214
0.0 0.40994748373767687 0.6079865754379064 0.06078952586534765 0.09164733420853874
0.0 0.173026048756063 0.6317820011596705 0.05879054217126258 0.10423240167156997
0.0 0.31865974555413545 0.7108374521693817 0.04494554556236556 0.07475033550708705
0.0 0.5219225890408088 0.6649815189785382 0.04465189713984143 0.0804874438064335
0.0 0.4969535806546668 0.6906010457598505 0.03615975976894346 0.05229888607446407
0.0 0.5512561410724717 0.6652373982810231 0.031473259590284464 0.04681030729453486
0.0 0.5805218127457987 0.6769346023256839 0.030355221163772584 0.04218404985952686
0.0 0.6632373772011502 0.6675545221282165 0.032060617392975034 0.035336077731706175
0.0 0.5985116278790305 0.6693229545228976 0.022924430824843346 0.046196407297759465
0.0 0.45241403831110666 0.6899394985125544 0.02798365585599232 0.05322708285509137
0.0 0.2929848972973938 0.7374436191409596 0.035945058753263925 0.06531519596609545
0.0 0.26230757991560694 0.7277196872525301 0.037650447874629435 0.05846719442553905
0.0 0.18366287665051256 0.7695746572636981 0.03482715645770971 0.06068897142828753
0.0 0.09540807986916136 0.7794772874854174 0.04196429837411442 0.06241372228940145
0.0 0.05130903708429011 0.7689164893426804 0.04569085202855065 0.07783446675195656
0.0 0.39836568664514316 0.7046328614136075 0.03259115477800165 0.051436502419607066
0.0 0.37145439662121493 0.7144004748356041 0.04300332843613965 0.05976079109626031
0.0 0.19661068799763476 0.7215621556143692 0.037865155998146036 0.04545091394664347
0.0 0.6913344534328869 0.6509718561054203 0.029982632442240486 0.040641985979324245
0.0 0.7341464491870799 0.6210404045677553 0.024629690923088355 0.039348402272738794
