0.0 0.7692461665203844 0.8665360052893185 0.09024446683211088 0.052127226387199424
0.0 0.7354764095521512 0.7948108225391884 0.11175464664078331 0.05634728663496702
0.0 0.7369746322405109 0.7469674110519986 0.08214023445419585 0.04288785442530951
0.0 0.7303072273952607 0.7137164307943783 0.07916329617104952 0.032605403012387325
0.0 0.7350439198529122 0.6552729366696466 0.059629183375257536 0.030275684353809406
0.0 0.700550861968039 0.6227871559746497 0.0969474197936604 0.04961753649665024
0.0 0.7416436404035944 0.5897980073434765 0.05172513049838408 0.022714722359166828
0.0 0.7815932534897868 0.6982369860904407 0.04957473317910379 0.03404018515614524
0.0 0.7165043722528632 0.545131578672892 0.08173986781575468 0.039530970463578896
0.0 0.7227553677740127 0.5069351880018153 0.07383581493888096 0.03197000846893623
0.0 0.6812332592352149 0.46081809505321136 0.11215500564286592 0.0597041065694615
0.0 0.7052425406388713 0.4205037532376691 0.08844285464860394 0.037021284612769635
0.0 0.6522130947499459 0.33830825883568194 0.10385058612755112 0.04878626061308831
0.0 0.6602140739631641 0.2845823613682028 0.0627804596011619 0.027342395407799636
0.0 0.6678663357832081 0.25813506658305324 0.06793359525421368 0.04119346628294669
0.0 0.6733165810918254 0.2132249100083853 0.06318082623960333 0.030699279369530253
0.0 0.6255790382656483 0.1678491154068376 0.10167438875764585 0.045217641150863394
0.0 0.6455491373769593 0.13142111829912384 0.06318082623960324 0.03069927936953023
0.0 0.6321271472605423 0.07173872741048527 0.07641238658358622 0.03889557592012782
0.0 0.5849127389674345 0.005334747481522703 0.09004428733106931 0.010669494963045405
0.0 0.7902977572483877 0.9448850343741597 0.07916333004234906 0.03260540705212715
