0.0 0.9806420128644528 0.5380290945986168 0.03871597427109421 0.08889935199165047
0.0 0.934745080782629 0.6236802833653636 0.04947253934799356 0.11365780978196609
0.0 0.8803995407451668 0.5778104522798253 0.04057973139428626 0.08917725828576861
0.0 0.859324846217452 0.5516950162731085 0.03195641325537402 0.07286409622507026
0.0 0.9415196515682268 0.5232137460383223 0.022729086464651792 0.04669454357219314
0.0 0.8102620327720192 0.49019597536305837 0.021325924668435903 0.04641663727807499
0.0 0.7255907173713478 0.5348622468085105 0.02894564163168605 0.05766257035500875
0.0 0.7778315650493057 0.5803152451620359 0.03790349136893241 0.07566479800487987
0.0 0.6759374037491459 0.5610120005620999 0.03884209152488562 0.08721029700351898
0.0 0.7443799420750205 0.4841688075026996 0.02065691499691713 0.043038516700770656
0.0 0.6675003574454698 0.5005379308297346 0.03449313998271179 0.06525249817572529
0.0 0.5698013400285381 0.5373580061727338 0.038507506401402124 0.08552122081330502
0.0 0.6194593952787837 0.4927783944397133 0.023398143280660387 0.0500726425342922
0.0 0.4921924188093986 0.5316412715646412 0.03964113123833304 0.07763175928712958
0.0 0.5246411493965161 0.5003286708369641 0.03168687629608895 0.06469672840477658
0.0 0.4596976588554707 0.48220021259181234 0.034493146363371266 0.06525253039197176
0.0 0.40356298516400385 0.5079439473190593 0.030348809808561583 0.057940508865373275
0.0 0.3686147432248719 0.5150647220574095 0.04064471965267584 0.08269892383840123
0.0 0.411828710496655 0.4551662532115269 0.027737551660937766 0.03794968192087058
0.0 0.3416952545050358 0.4816480890373672 0.03235593311209759 0.06807482736687556
0.0 0.22715866701922974 0.5151333791663599 0.04131378284934399 0.08607705501674667
0.0 0.15209125367936563 0.500265720856753 0.04057973139428635 0.08917725828576861
0.0 0.5974739002407566 0.5007112125312688 0.024736263293337224 0.05682887267473653
0.0 0.9151574856301092 0.5311573939436716 0.028676098291741427 0.049495170318468416
0.0 0.9029383301556291 0.49714162377969784 0.027338031804214145 0.04273895077906529
