0.0 0.8516393334540803 0.42715086959639625 0.04967197313680707 0.06020365832014178
0.0 0.8355777630025265 0.46993809081890203 0.04212149969661283 0.05509035272158051
0.0 0.720224917540215 0.4460700221637642 0.04746837951896614 0.05736966304863831
0.0 0.6923320967034826 0.48283728026687245 0.0362691420122732 0.050322011726350625
0.0 0.6350886219812292 0.47956254367936546 0.0331259205815992 0.05087670982844328
0.0 0.6003531871903689 0.465236271401658 0.0411819366576184 0.05847905925282344
0.0 0.7245563205312168 0.5022092623273262 0.025937750990405472 0.031518820216999366
0.0 0.6355183876051871 0.5339025572491022 0.024673785185396646 0.025296131571899673
0.0 0.5537275307554218 0.5142320400561575 0.031103476477320324 0.04092041068168184
0.0 0.4898921357931945 0.491562113896015 0.051188800187672 0.06767085300817151
0.0 0.38759669536602714 0.5058621607846968 0.04457796420406161 0.05916890151128014
0.0 0.22816517037009793 0.5304725126960838 0.03930280093587779 0.06525642484004308
0.0 0.2781447260543335 0.5676199836165218 0.0326203083500606 0.04838762910734466
0.0 0.5742637154197586 0.5456974016692848 0.024926526527328095 0.02654065877480214
0.0 0.5309645447416008 0.5544928661498961 0.021349414241160415 0.03297313354924993
0.0 0.4688271311656761 0.5314780254393485 0.038906686437570226 0.04727821974551265
0.0 0.4494601751092361 0.571049021143447 0.028647016791747505 0.03684188562961523
0.0 0.4116173747538488 0.5631854378365977 0.02745464763698342 0.038986051800308806
0.0 0.1895407787336167 0.5927456674751393 0.03677468464809812 0.052811055552169604
0.0 0.15828986623128433 0.6042772803197489 0.028465867278185054 0.04396418950487302
0.0 0.026797428681378112 0.5487038272769225 0.053594857362756224 0.0717494017978713
0.0 0.08567580519487103 0.5775590999357 0.03966516955871606 0.05101185398480732
0.0 0.0025534067090013934 0.6300575213275452 0.005106813418002787 0.05281107928980262
0.0 0.32073818444589725 0.5771103177943541 0.028718668572078786 0.04520870612778936
0.0 0.08821861965587004 0.6379493277165244 0.03305426397939222 0.04250986559263614
0.0 0.018149483071133267 0.6411675627968523 0.03431828973636315 0.048732543657749615
0.0 0.3732141881462018 0.5612672072814485 0.04111034482924954 0.05011222817466292
0.0 0.24792187374401847 0.6016208000786687 0.03626914201227294 0.050322011726350625
0.0 0.5460844049546878 0.546237975717081 0.02102495152318422 0.023361748952893537
