0.0 0.9897105687623006 0.886266650222181 0.020578862475398908 0.1136893677554653
0.0 0.9281354090255501 0.8421902911353059 0.06181220315588156 0.10973796872314301
0.0 0.8778721140479007 0.8083846531547092 0.06279432227754747 0.1258672383259735
0.0 0.832870731889481 0.792360325698068 0.04748001494797745 0.0966823190293403
0.0 0.7909763736050802 0.7796749806950514 0.058304284938402076 0.11978998483863731
0.0 0.7310881579509534 0.7648987514862549 0.04065127081581723 0.09730637112896359
0.0 0.6772267810040246 0.736119130268138 0.06728442767156899 0.13194450327137233
0.0 0.6243209539473685 0.7234571170177287 0.0420677822671693 0.08512849505179432
0.0 0.5569927511625798 0.7365258034699447 0.04926400546716767 0.09698268069069851
0.0 0.5894759315497253 0.7560742933276512 0.03819238498185218 0.08270227342876132
0.0 0.5076515124856955 0.6972436353247289 0.06402373263266484 0.1331692901517755
0.0 0.4302038376538194 0.7104858256554991 0.05258476039582698 0.10641061583904224
0.0 0.37680009766423733 0.6517470524328166 0.057629448885066645 0.10548620802946207
0.0 0.33075647576738404 0.6637061541037129 0.04182055615744864 0.09395570687742083
0.0 0.29852394817600586 0.6808064833409047 0.03468452602581222 0.09275424877392435
0.0 0.24616927606294897 0.6485259909263685 0.04747994982424695 0.09668232498074217
0.0 0.2002424079865721 0.6107573270972566 0.06365631868855734 0.12069104646184607
0.0 0.15752300026628996 0.6411101153228451 0.030748994933572683 0.0796752588451521
0.0 0.13256993233744993 0.5768365044270413 0.040898493994392424 0.0884791418938721
0.0 0.08256078343091741 0.6069005896506932 0.04298990662281056 0.09060503667447657
0.0 0.04912548130511838 0.5984553670671012 0.046250607524005664 0.08938028461300292
0.0 0.018896495079240627 0.5422696993644534 0.037792990158481254 0.11371271989323857
