0.0 0.7750029784924075 0.65786073472147 0.05965563295683056 0.10227693044859638
0.0 0.789093409180048 0.5660512191663261 0.047450551906444004 0.06282113173410879
0.0 0.6862578078719295 0.5381950294947861 0.03951985765287791 0.06252728332328869
0.0 0.6402366426177468 0.6472824442924496 0.04507278494483487 0.08671066082530236
0.0 0.6499075598550552 0.5442747580173409 0.031768526636739035 0.05616577144081525
0.0 0.611948607735853 0.4812472404284097 0.03914966392682499 0.060915081787639117
0.0 0.5684252469515094 0.45767553609597317 0.030287723488556482 0.04971684229512459
0.0 0.5829165604135916 0.5696258295123325 0.04175241708683748 0.0859482379383131
0.0 0.5180589018110174 0.4562938262037998 0.036928402934794755 0.051241704277869185
0.0 0.5266938517447094 0.6279996991608011 0.05079375584931132 0.09107870549808883
0.0 0.4194329962996669 0.59658154210453 0.05799548069320659 0.10189572627610524
0.0 0.5296343587083021 0.5200521004526231 0.03398971723702733 0.06583910365780507
0.0 0.44952599801370907 0.4464975841511138 0.03895881225522091 0.0532351245280168
0.0 0.40817808515907894 0.47434239430983205 0.03860004363259586 0.065370529181636
0.0 0.3259917441466664 0.5887033988404489 0.05227457311947936 0.09752769614532593
0.0 0.3848630401117636 0.44268168866356633 0.031028125062647627 0.05294130686796992
0.0 0.3529151643595831 0.48286828122634295 0.03843211255958936 0.08518582959333099
0.0 0.17628377751539914 0.5746942434417536 0.05799548069320668 0.10189572627610524
0.0 0.26066272529564494 0.4888409832051014 0.03621090783731549 0.0755124358747949
0.0 0.3235987030526048 0.4583157193099593 0.035100312537171344 0.0706757697663
0.0 0.30479858316943786 0.4336320630829024 0.03213872742378445 0.05777800372723796
0.0 0.26726523461521506 0.41822472038099406 0.03047856809916776 0.05739676880397369
0.0 0.14929719313574993 0.39537999248922767 0.03656969058192614 0.06337709272272214
0.0 0.10310806867368238 0.4823648301098453 0.03916108196926008 0.07466265722613459
0.0 0.011128753106529023 0.5801907327955869 0.022257506213058047 0.10189572627610524
0.0 0.035804064354054074 0.43296585786625813 0.04912212221250302 0.07694991134509524
0.0 0.08102767085163204 0.4034651601866718 0.03656968352093341 0.063377061971949
0.0 0.20421669336731146 0.47587984502330904 0.04285158022256108 0.07703726710676628
0.0 0.1905993914546835 0.42862505168504406 0.03360802801580447 0.0504792506401067
