0.0 0.5137410394683547 0.806258866414829 0.0931120347959153 0.05245387158031027
0.0 0.3890321325485504 0.7250058986568375 0.12687281503657485 0.055106652227246755
0.0 0.4333321561166419 0.6249159918391335 0.08562159472878009 0.045908039152781924
0.0 0.42345367991807115 0.5470055950901292 0.07943177053759998 0.03843341269446521
0.0 0.42828344201994584 0.46783505339683523 0.0688977141407821 0.03852220795501395
0.0 0.4205878600616318 0.4183863586068533 0.06255141613433554 0.037107053583839186
0.0 0.4067293786877082 0.3487688709368907 0.06515249410721449 0.03524929174124987
0.0 0.3904397927534002 0.26824874427745576 0.06543850903616147 0.03653193341650627
0.0 0.3892200856322784 0.2254345970330653 0.06315035687227519 0.026270653225524798
0.0 0.4741004003134339 0.6434271413414316 0.07409999113326089 0.03480671126191748
0.0 0.5504481276779222 0.6795868469855346 0.06861169921183494 0.037239566279757684
0.0 0.4874542337101434 0.6734371838144317 0.06054920746526573 0.028128352642429633
0.0 0.5388777984678847 0.6202306395065534 0.04900070390047091 0.0304287573900357
0.0 0.5254079235547229 0.5747624136511014 0.05045770033602155 0.02344033098713405
0.0 0.4583985424417379 0.31907026760589485 0.0553469909961473 0.03184386283156715
0.0 0.4775753120629124 0.39760011297880143 0.051887796802296916 0.029853637222702824
0.0 0.4861342080835822 0.3687627915481325 0.041224248904388625 0.02260028328725099
0.0 0.47858725505824556 0.4357480171430953 0.04512592093168246 0.01981362955458632
0.0 0.4718631947072205 0.44667250135421155 0.046140450444559986 0.01760213142285707
0.0 0.5010154408519568 0.5101867573200396 0.059977177607371604 0.02556306929191692
0.0 0.5135246437293978 0.5289404202936672 0.047284521071118045 0.022732747053526035
0.0 0.5564762221597214 0.7738399213767917 0.061121248233929656 0.030693684922585795
0.0 0.4890917450939728 0.4865900632642314 0.07092681186835739 0.03409912732830946
0.0 0.5063311286861383 0.5601661678990595 0.05261636099881768 0.026359461982114675
0.0 0.5067436909502567 0.4126389636749974 0.045983976629293544 0.02366160350999902
0.0 0.43724961167830934 0.3736045246661882 0.05102974110468565 0.026005663267290213
0.0 0.46199848743984157 0.5592803444622911 0.07064078602864017 0.032816436723409656
