0.0 0.8666132824898927 0.6781374940337026 0.03866910433635855 0.08866064335248085
0.0 0.7466235636181224 0.684515092845875 0.03990224730790741 0.0841409071282686
0.0 0.6402284359197472 0.6864131714706015 0.030356621672181915 0.08040637714798855
0.0 0.8630782567047431 0.5941851850577704 0.03051637869330648 0.060460137837287674
0.0 0.7610540068200685 0.5894118336802423 0.021989289209914276 0.04912056419916917
0.0 0.7347498421706323 0.5968823862241699 0.029335780367673082 0.0434910166491429
0.0 0.6906708809157432 0.5566126774816029 0.026654771002980394 0.04944520283239262
0.0 0.6473683944325295 0.5388737127312513 0.027458583733718633 0.03875487290937931
0.0 0.6726757084690114 0.624340868124597 0.02896123855295194 0.06035193614332712
0.0 0.6251906786683545 0.5993353831598442 0.021185421248798342 0.05981094884197589
0.0 0.6032334584186503 0.5443285952023529 0.02177462511311301 0.04603528206162455
0.0 0.5395184490804622 0.6739806735244396 0.04043891062072271 0.09185415660769784
0.0 0.5376482323458488 0.5436406786260122 0.02123796180029771 0.03832203258219531
0.0 0.450578369716928 0.6832936839028492 0.034700104249234 0.07610304843932747
0.0 0.5011269931616329 0.5744271731508274 0.021989231932328667 0.049120589495250756
0.0 0.5714325487783836 0.5521917488044316 0.018556954482813116 0.044276248189156854
0.0 0.4776933556352361 0.5518701544505173 0.021667292041108243 0.04449262628099646
0.0 0.4572329945911167 0.5876493933002976 0.02161474944240105 0.06598151311706521
0.0 0.3240996972553294 0.6930951259749755 0.0308932297546197 0.08811968134721129
0.0 0.16246765484250908 0.7252525986971948 0.03378896254090724 0.08525078142913597
0.0 0.24546003275981682 0.6217436239650747 0.027298767387800283 0.058701108092450036
0.0 0.038054545220727765 0.7165963310961867 0.03861656378485931 0.11014955961226151
0.0 0.16858795531287116 0.5923682816026774 0.032715574543274964 0.06982424891893588
0.0 0.3247483080389169 0.593932723491921 0.026065624416251466 0.06322084431666238
0.0 0.38009021691637784 0.6070839495851952 0.02252595661714567 0.0568338725260217
0.0 0.428891787299411 0.5794770373060004 0.02917596197454673 0.06343722240850198
0.0 0.4093997249610933 0.5564192137897634 0.017216478439259487 0.04725332863274083
0.0 0.26632466771708685 0.5464644925750374 0.029443113439677628 0.04503367242977108
0.0 0.20551112847764488 0.5670351852208564 0.02365176446948176 0.05077145109746963
0.0 0.3759637087063229 0.5540928275728998 0.024777574369025945 0.04470905909262903
