0.0 0.6562015638280718 0.7826224533984746 0.09504077826195445 0.05029535515985053
0.0 0.7384858649312078 0.7298688607054347 0.10597440090450654 0.0516468445243806
0.0 0.6096153310087264 0.7032159333891587 0.07554559194065877 0.034118614961596364
0.0 0.6272796986371297 0.6272227872534513 0.07383329210408825 0.03115358608307863
0.0 0.7044586094047283 0.5892944317281825 0.08580373564424244 0.04089338762599182
0.0 0.5479796225155068 0.6143143432551652 0.0635909700108936 0.035394313356005735
0.0 0.6060089732288831 0.567397712061734 0.06802085410372136 0.027681716304945335
0.0 0.6117107787585002 0.4900444038629891 0.05708728606865217 0.026330253384170988
0.0 0.6844439561071232 0.4498267509195896 0.09434952737587529 0.044703124967459026
0.0 0.5727435767284329 0.4217611496621031 0.06888496531451356 0.03467197382437952
0.0 0.5277615665069757 0.5742309640755519 0.04137815224216439 0.02989523264160896
0.0 0.5126172816208088 0.496615592838528 0.05743290903958949 0.029126348481021847
0.0 0.5167405854529251 0.45139430593253643 0.057260095906052744 0.027728287599699718
0.0 0.49814845207802244 0.4132390810710339 0.051966100602432695 0.028450627131325935
0.0 0.5671271713133714 0.37632434434679346 0.07964567467293833 0.03462542275100784
0.0 0.5206041239609579 0.3423313338947186 0.0615329884757327 0.02963312960463993
0.0 0.6507781488701234 0.32340181453886246 0.102204069869497 0.042920645449431485
0.0 0.6424357321336585 0.22223499661537058 0.09161617034847289 0.04436523073833176
0.0 0.48810953104768595 0.3207984725552202 0.060166311610099575 0.029464195822973015
0.0 0.5440967267804948 0.2798119455619249 0.0847668667314303 0.032505102335439684
0.0 0.5420071541599363 0.2516819008169905 0.062208471534871544 0.02420987963701613
0.0 0.4750231722651632 0.24860638439602423 0.04888712060409297 0.02531663780534794
0.0 0.5272401159900675 0.19956941623192267 0.07144550920837904 0.033611807172184795
0.0 0.4739072896827577 0.1834511687159876 0.0683665292100395 0.030477817846206755
0.0 0.5175625907018133 0.1212783034238204 0.0738332888079519 0.03115355941728528
0.0 0.6203473538935743 0.06599063534029452 0.08853714480702521 0.04123128829952984
0.0 0.5338207485620965 0.0171072166784368 0.07691232753394486 0.0342144333568736
0.0 0.4392282888689444 0.06566796474141365 0.06973321266794504 0.030646804959460493
0.0 0.4494479305418759 0.1651832912230843 0.07587539659734324 0.025899236786917745
