0.0 0.9375 0.5031249970197678 0.03750002384185791 0.08750000596046448
0.0 0.9187500178813934 0.41875000298023224 0.028124988079071045 0.05937501788139343
0.0 0.887499988079071 0.4624999910593033 0.02499997615814209 0.07812497019767761
0.0 0.83203125 0.53125 0.02656245231628418 0.078125
0.0 0.8531250059604645 0.4859374910593033 0.021874964237213135 0.07812497019767761
0.0 0.8187499940395355 0.44921875 0.021874964237213135 0.0390625
0.0 0.8187499940395355 0.40937499701976776 0.025000035762786865 0.03749999403953552
0.0 0.7515624761581421 0.48359374701976776 0.03125 0.05781248211860657
0.0 0.721875011920929 0.546093761920929 0.03750002384185791 0.09218752384185791
0.0 0.6781250238418579 0.4921875 0.03125 0.07187497615814209
0.0 0.628125011920929 0.5804687440395355 0.03750002384185791 0.08281248807907104
0.0 0.7484374940395355 0.4156249910593033 0.021874964237213135 0.03749999403953552
0.0 0.714062511920929 0.43437500298023224 0.02499997615814209 0.05937501788139343
0.0 0.6531250178813934 0.45000000298023224 0.018750011920928955 0.04999998211860657
0.0 0.6312499940395355 0.45234374701976776 0.025000035762786865 0.05156251788139343
0.0 0.606249988079071 0.48750001192092896 0.02187502384185791 0.0625
0.0 0.5718750059604645 0.5023437589406967 0.025000035762786865 0.07968750596046448
0.0 0.49531248211860657 0.6124999821186066 0.034375011920928955 0.09062498807907104
0.0 0.515625 0.49687501788139343 0.02187502384185791 0.06562501192092896
0.0 0.4781250059604645 0.528124988079071 0.028124988079071045 0.0625
0.0 0.40625 0.542187511920929 0.02499997615814209 0.06875002384185791
0.0 0.3531250059604645 0.534375011920929 0.025000035762786865 0.05624997615814209
0.0 0.42890626192092896 0.49687498807907104 0.01718747615814209 0.0625
0.0 0.33281251788139343 0.6937499940395355 0.043749988079071045 0.08750003576278687
0.0 0.3726562261581421 0.46875 0.0234375 0.05624997615814209
0.0 0.29375001788139343 0.604687511920929 0.034375011920928955 0.07187497615814209
0.0 0.2593750059604645 0.5218749940395355 0.025000035762786865 0.06562501192092896
0.0 0.20156249403953552 0.5648437440395355 0.028124988079071045 0.07343751192092896
0.0 0.18515625596046448 0.7062499821186066 0.035937488079071045 0.10624998807907104
