0.0 0.9343750178813934 0.2906249910593033 0.050000011920928955 0.09999999403953552
0.0 0.8812499940395355 0.28046874701976776 0.059374988079071045 0.12343749403953552
0.0 0.8312499821186066 0.33281250298023224 0.028124988079071045 0.07500001788139343
0.0 0.797656238079071 0.3062499910593033 0.04843747615814209 0.10312500596046448
0.0 0.7249999940395355 0.3492187559604645 0.034375011920928955 0.08906251192092896
0.0 0.6820312440395355 0.3062499985098839 0.045312464237213135 0.11874999105930328
0.0 0.6218750178813934 0.3656250089406967 0.028124988079071045 0.06874999403953552
0.0 0.5999999940395355 0.32421875 0.025000035762786865 0.06093752384185791
0.0 0.5625 0.3218749910593033 0.03750002384185791 0.09999999403953552
0.0 0.5125000178813934 0.3187500089406967 0.043749988079071045 0.11562499403953552
0.0 0.44062498211860657 0.31562501192092896 0.028124988079071045 0.09375
0.0 0.38203126192092896 0.3359375 0.0390625 0.09062498807907104
0.0 0.34765625 0.3460937589406967 0.0234375 0.09531250596046448
0.0 0.32343751192092896 0.3500000089406967 0.02187502384185791 0.08750000596046448
0.0 0.26875001192092896 0.35234375298023224 0.03125 0.08906248211860657
0.0 0.20781251788139343 0.34062500298023224 0.028124988079071045 0.11562499403953552
0.0 0.15625 0.4000000059604645 0.02499997615814209 0.078125
0.0 0.11875000596046448 0.3804687559604645 0.025000035762786865 0.06718748807907104
0.0 0.08125001192092896 0.37109375 0.02499997615814209 0.07968747615814209
0.0 0.03437498211860657 0.3687499910593033 0.043749988079071045 0.09999999403953552
