0.0 0.8837539520174831 0.5326566480601308 0.05046660632230093 0.09606712977974015
0.0 0.8656636035181133 0.44559929882640575 0.04223290630729366 0.057949429633130566
0.0 0.759990040681265 0.4552609118623986 0.0340224396899937 0.058432575339742956
0.0 0.7540991163410831 0.5685632849367005 0.03706514431290255 0.08198441781582036
0.0 0.7280610180103615 0.47295478150016484 0.026683209979042565 0.05285265087210087
0.0 0.6710898915440346 0.42923257348065197 0.03381959153116467 0.05686247591333275
0.0 0.6223525292812123 0.4227585076075897 0.025871801867402767 0.046572133375552396
0.0 0.6740362439018922 0.5182464127794055 0.03369980556475163 0.08154963466934148
0.0 0.5747724202314324 0.43848359962409605 0.032602419044287956 0.04744172132343829
0.0 0.6413307749749795 0.5895176776505189 0.04251888084703701 0.08577679553475841
0.0 0.5303049279085797 0.5974762863188878 0.04878396904247424 0.09584974235290016
0.0 0.6073149764522225 0.4917471754720868 0.0279003144083406 0.06227336722146974
0.0 0.5073345275823009 0.4527833351301873 0.034487968671441924 0.04922921646948719
0.0 0.4781440316442688 0.4916738872769514 0.03274544227748919 0.06135543836837831
0.0 0.4402226245904396 0.621885054474487 0.043330296696837765 0.09205737292676072
0.0 0.4455532010736662 0.471141299012835 0.026277505923222578 0.04971239212382663
0.0 0.42935842906042343 0.5179308198152274 0.030334531005098066 0.08111485981566133
0.0 0.29542380051068867 0.6597482413115391 0.04878396904247424 0.09584974235290016
0.0 0.3451055633902975 0.5543571203026972 0.02911741883763872 0.0716940835708387
0.0 0.3935752333355546 0.505792351135296 0.028508866622989702 0.06698372539615427
0.0 0.36758371162477665 0.48999434724752106 0.026886062006952295 0.054422780246237853
0.0 0.3272297516752697 0.4888225238907661 0.02520342085804499 0.05420536287167099
0.0 0.20910912414507452 0.5080738972630972 0.03085995296975259 0.05956792156740134
0.0 0.1955331249925388 0.601616838062652 0.032279909426960615 0.07055876729090738
0.0 0.12610672524729502 0.7263203164971316 0.04878396904247424 0.09584974235289997
0.0 0.01383213134312441 0.7327690969969229 0.02766426268624882 0.11469122665429295
0.0 0.11575626692550127 0.5799969538489972 0.04237586148291648 0.07186310843754518
0.0 0.14800785953314916 0.5383164502958759 0.030859949100671934 0.05956789161967446
0.0 0.28789502933146927 0.5617484047680422 0.03584803214544339 0.07256364157099755
0.0 0.25906362486598394 0.5239686903129923 0.02923707642705633 0.04700690822923246
