0.0 0.8256550378246553 0.765206070968208 0.045622143522825453 0.12209442294607645
0.0 0.6674591558315063 0.7299262270441005 0.040234736774394 0.09516108009713253
0.0 0.4909562890717233 0.6529548602436694 0.05013023303660509 0.09593598328819156
0.0 0.3455598450010581 0.613151691829356 0.05055076314808131 0.08037388420524838
0.0 0.24603532832721683 0.5808875771703023 0.05965716619404047 0.0920035454647616
0.0 0.1308073919160974 0.5584449212019568 0.04774375259329997 0.08639214251618013
0.0 0.023774391266080896 0.5237721999220794 0.04754878253216179 0.07906308908646506
0.0 0.06383107678222455 0.48136733692724293 0.03600510113387863 0.06208038867312462
0.0 0.027689510751293778 0.4343323879185347 0.032215084789419944 0.05554558542333447
0.0 0.707991488369855 0.6573206485802416 0.038268723528534034 0.07005513531546388
0.0 0.8207128443964724 0.6164173562185266 0.038883106476324335 0.07790079169367062
0.0 0.7543672449540226 0.5630702854572265 0.0333209753974284 0.06966768371993445
0.0 0.6446823245007899 0.575794051614664 0.0315488732145794 0.06796943946897863
0.0 0.5892125257190577 0.5848695942819209 0.04181299549559707 0.07345168860124067
0.0 0.4900210919950824 0.5589464929068662 0.034355830229997955 0.061951295945634935
0.0 0.40268168216879213 0.5300046539736977 0.042427342299037905 0.08129728265893918
0.0 0.2897078038994031 0.5211578494796834 0.04028661409738206 0.0748916924667804
0.0 0.20550850564993484 0.5050918588563977 0.0346016092413286 0.0650894891316935
0.0 0.13521454697213228 0.4703805077668145 0.03300421097310189 0.044690948916700356
0.0 0.3699164219792018 0.5140195709484668 0.0323379711181655 0.05711474125767557
0.0 0.5615629546050744 0.5353421169108008 0.03497020380312001 0.06979683260953937
0.0 0.46988059492670187 0.5194795265034718 0.024214581726137663 0.05803814217472354
0.0 0.34015205663772236 0.48090329101558515 0.022985789060875828 0.04234688681210388
0.0 0.24951410784200964 0.45170319303767703 0.03460161158499573 0.06508951906026902
0.0 0.21066928280339922 0.4391888510723879 0.029828583097020234 0.0460017727323808
0.0 0.628279911404103 0.5097811914944983 0.03130305805889897 0.06483118396241191
0.0 0.5252534405205956 0.5222369530626011 0.03625080619000469 0.06521863555794125
0.0 0.315904755207795 0.47268955688009406 0.027021565511237668 0.05201994125758578
0.0 0.10276327737090774 0.5033609763799951 0.025689070072857166 0.07686752470785745
