0.0 0.945243888877242 0.5364229801103427 0.03051424836197807 0.0820161455163471
0.0 0.907426779155308 0.5905869177386448 0.04432771279718626 0.08762186328751946
0.0 0.8627877227800432 0.5279929283282904 0.036273263310185835 0.06477356587785499
0.0 0.789186297901806 0.5441059864977602 0.028759249010672682 0.06996827610602638
0.0 0.7566109911275195 0.5934933290990341 0.03797680994516952 0.07415060994329536
0.0 0.7577534177846189 0.49461630494476505 0.025326436152816 0.049878826355050164
0.0 0.6981688146815916 0.5658981819383884 0.02875923448247635 0.06996827582604973
0.0 0.6429535534274625 0.5475920057154484 0.022588499794174766 0.06584476003545739
0.0 0.613373558137531 0.5942498582506219 0.03820843544490797 0.08616907108708985
0.0 0.5904891261189507 0.5138702230829498 0.022279656436290464 0.04982016197067729
0.0 0.5636213776378577 0.5431094006080834 0.025506592438690225 0.059226512757908446
0.0 0.5481197775838134 0.4899729820866381 0.02362291229182034 0.040501833650366234
0.0 0.5238330432187415 0.5345250145522644 0.025609530866418595 0.06456806223978102
0.0 0.49227426377427125 0.636659941508691 0.034852795878914655 0.07008570647637775
0.0 0.47482716386586504 0.5221106633013243 0.022356888822632648 0.053826299171639745
0.0 0.45007973865032047 0.5032173332667906 0.019181421052403457 0.04709067218455383
0.0 0.420178061510008 0.5331828818767057 0.028784969580255025 0.07130368866691343
0.0 0.3786940226309124 0.5947647803764983 0.03789956303063095 0.07014447246235615
0.0 0.341026012459038 0.5380479377018033 0.028553358608713088 0.05928522780309553
0.0 0.3160856079750125 0.509139265504794 0.02245976913757568 0.05916784753360531
0.0 0.2617324528626044 0.5355684006349659 0.031806030690585366 0.07002704237198162
0.0 0.22179751714725593 0.5984563292626097 0.03193470225270545 0.07670390281313563
0.0 0.1918262149357848 0.506190393723524 0.02687558339199909 0.05124359727846102
0.0 0.16172901290618366 0.5655490412234645 0.025558090708947167 0.06189728805879815
0.0 0.11683008992165003 0.5290096951171545 0.028604886917056316 0.06195605460473015
0.0 0.059116293134198486 0.6182898802735266 0.03500723355859346 0.07809808219993117
0.0 0.29247301761127387 0.5095943100447512 0.014894336472885517 0.06169178400075905
0.0 0.37091485110685374 0.5074146821115028 0.025172015946414383 0.04186660373384674
0.0 0.6333525064449826 0.48432281494115303 0.02987088034815777 0.04863153758271199
0.0 0.7220798538341511 0.541391588270255 0.022614204853867382 0.06718012137557636
