0.0 0.9226081562031287 0.5348567818639746 0.041552877941983014 0.060578175246126256
0.0 0.8539896889029068 0.47952838258725217 0.04130851554712933 0.030455613928650573
0.0 0.8572119931312008 0.5425422186657438 0.03406440814565457 0.05777919807078842
0.0 0.7722003265728234 0.5521225304856893 0.036008667248729156 0.06737882814708573
0.0 0.7390686670550063 0.4943433062993304 0.032031316344202844 0.03722596652300068
0.0 0.7121645686143478 0.47427029710477875 0.022687420990357587 0.035781065205137706
0.0 0.6448907361026379 0.48330979641751054 0.018998706846371595 0.04122761671050608
0.0 0.6161645244722513 0.45774482298739655 0.024587334312404074 0.03990381677643269
0.0 0.5816276380667892 0.45814937061100364 0.026331647369813638 0.02485768627099949
0.0 0.5378301374387493 0.44957838326063515 0.02828708144603862 0.03582647793533163
0.0 0.6928272207480815 0.5569560089785306 0.037964101324954404 0.07834761981141795
0.0 0.6441134811459136 0.5791543580087588 0.03421986621499533 0.07694810510817858
0.0 0.5476964796040855 0.49895313421060905 0.0301758907866855 0.03858004238047554
0.0 0.5095935763936853 0.5938103496454892 0.041741648590907586 0.08385472200868102
0.0 0.37195737328423567 0.6474660425549782 0.03996388054682241 0.09479321163404117
0.0 0.180562977552823 0.6548142838919147 0.04199697298365908 0.11534652152854034
0.0 0.41039895290450856 0.5108480060565844 0.02845364370857384 0.056364598214443354
0.0 0.32550943215358 0.5053670113909488 0.03039790259985331 0.06596420217517025
0.0 0.2188490991037555 0.537365154430911 0.03039790259985331 0.06596420217517034
0.0 0.12203790018608154 0.5057708179048825 0.03789747637758127 0.07013236647665932
0.0 0.2529135073553078 0.4801308972195734 0.01902091523276104 0.043966043193949034
0.0 0.08498992701274082 0.4705532588029973 0.04148625299461002 0.05236292191136762
0.0 0.1486527744151353 0.4464222037743074 0.026487176642699905 0.044026593885843915
0.0 0.4899108963223668 0.488899414562092 0.030309069266091004 0.05501052235696839
0.0 0.46204577262926316 0.4722418567219357 0.026487176430905014 0.0440265677702734
