0.0 0.8888934824227978 0.29274305533925454 0.03895732693625949 0.06089150761197524
0.0 0.8555969466131643 0.3186050429301874 0.0410632857712022 0.0706029283456338
0.0 0.7761280988298739 0.368037158890414 0.03360544388784685 0.06590077451388918
0.0 0.7240443978956005 0.3928891784676137 0.036830330033950885 0.08819446662369738
0.0 0.6889058726356077 0.4428761837793532 0.04696421678007754 0.09039203883384239
0.0 0.5810319386356094 0.5162622290275334 0.05547510585750448 0.09994993244002845
0.0 0.46573453680825005 0.6573506898382393 0.05216309484981459 0.10694398481517817
0.0 0.31210526185052495 0.7643845153526404 0.07655573227429713 0.16004976003123322
0.0 0.20325966826958658 0.5397170096603189 0.06019102945565735 0.09943016716342017
0.0 0.29551727404120837 0.5247946469803833 0.04316930903541585 0.08031436305102693
0.0 0.4006492474993807 0.4469191534003979 0.05027616335849618 0.08339797248695797
0.0 0.46627777639632856 0.4233666102223732 0.04176527428106924 0.07384007888077182
0.0 0.6204230203554416 0.33909912523539165 0.0495081591783391 0.07243423153488733
0.0 0.5866435267268943 0.3464243379924059 0.026300542553896022 0.03963739382716014
0.0 0.6999473292133741 0.3184645944023449 0.03334143894129875 0.034994395946137714
0.0 0.8322678821110949 0.25587670991530315 0.04262033219888295 0.055516030504394555
0.0 0.746404655333639 0.2880539492353843 0.033473476976537596 0.050447607651758375
0.0 0.6685363197649158 0.3040926677757837 0.03790441529538846 0.05603582665275839
0.0 0.7212230467855626 0.2697891185532401 0.03136751144693646 0.040736156046344396
0.0 0.5397362150608963 0.3625277501330607 0.03733432926755968 0.06825182900801643
0.0 0.47202277543835985 0.3356919327611724 0.030797496543037185 0.052952203245092644
0.0 0.37282322900817044 0.371608549009364 0.03481143163132305 0.049195287433346335
0.0 0.6415667676689916 0.27350541894818176 0.033758455561180865 0.04433959250239474
0.0 0.6135231625262649 0.2787394374276278 0.02426059938924361 0.037652563510434243
0.0 0.5849201259425931 0.2773160442122403 0.023909605134309862 0.03603398824286521
0.0 0.5688748535831791 0.28079552306616895 0.0263005425538962 0.03963739382716018
0.0 0.521792080351679 0.2960896560230497 0.015047721801949621 0.024857519369110025
0.0 0.4464691634352899 0.3564854905136019 0.032069499956803416 0.04397330658148242
0.0 0.31927098277063926 0.4467721810086182 0.048389231867177876 0.059851960158737685
0.0 0.2869705212643975 0.3834472952675013 0.03621540195639863 0.05566955763186687
0.0 0.2046172558615952 0.43181021853389423 0.04141433776074819 0.07222148671318185
0.0 0.15142649069804517 0.4882539397246409 0.04514323652977823 0.07457260295082016
0.0 0.4005818200042889 0.3732150473275849 0.020531642885601185 0.03530146417281692
