0.0 0.34233799606740584 0.17724625248631706 0.10629346734347726 0.04092688588137723
0.0 0.44252634590501366 0.17247797476941165 0.06331735791909168 0.033958617643428154
0.0 0.455350523809069 0.254896176182899 0.06442680332825032 0.027509041835617067
0.0 0.3315034680269183 0.2834864968529768 0.0911193895385439 0.03020686166060793
0.0 0.44290485193105444 0.2829426480954417 0.0585522752276062 0.021665957973812856
0.0 0.5038692100765247 0.31696387677720655 0.06264732609718493 0.02732920341257259
0.0 0.521857461353583 0.3526498372543848 0.05143422542588949 0.020946539981364774
0.0 0.40488695324890767 0.33366511438169233 0.09085137527619702 0.02755508079471176
0.0 0.5150665963678718 0.39217964599242033 0.05197028533598669 0.026250079854339737
0.0 0.3334308650737661 0.3737031776644564 0.09508036539419522 0.03454420980554116
0.0 0.3493263147983102 0.4598292577002113 0.1061594614902905 0.039601008093057465
0.0 0.44899430341306734 0.37876610156970714 0.06922927949145405 0.022745052812349842
0.0 0.514265622068171 0.4465074918104982 0.05388377097621229 0.02775582135496064
0.0 0.47779659807513636 0.47698197361973216 0.06785181981994856 0.02654284775426472
0.0 0.34239364233288744 0.5335288245934487 0.10219848563463914 0.03526365994812419
0.0 0.5077240733309608 0.49739724418391573 0.054993250326747845 0.021306248977588815
0.0 0.45964001340453964 0.5196696493089721 0.09058336356982358 0.024903325218072148
0.0 0.33276514261460377 0.6517020673201379 0.10615946149029054 0.039601008093057465
0.0 0.43813626128308697 0.5914933606081809 0.07990628886724868 0.023824198229400118
0.0 0.48100494168017816 0.5442988931568292 0.07456778545733789 0.023284638165503323
0.0 0.504235100956367 0.5607030632383431 0.060331787678035285 0.02184581247192483
0.0 0.5145022873121168 0.5911419330444835 0.06019774916145844 0.020519943897794234
0.0 0.5195009744281285 0.6850665034076393 0.06593830535029274 0.02503715340171775
0.0 0.419189515124655 0.7152963765102608 0.07839482462054326 0.02629612802762349
0.0 0.29687568306146844 0.7946300213475944 0.1061594614902905 0.039601008093057465
0.0 0.31733520861469816 0.8903405453449794 0.12751353790073988 0.04175920463101015
0.0 0.46080992626677375 0.7713641421491317 0.07919886229563682 0.03425142004679875
0.0 0.4996801694537417 0.7379680885126445 0.06593827140891584 0.025037149971278528
0.0 0.44269248585116927 0.6365734583036196 0.0804423122799955 0.029127709382679258
0.0 0.49083569808257377 0.650459652128846 0.05170223457628946 0.02359827026874788
