0.0 0.12881126656748446 0.6335011472987346 0.04025234619098994 0.0758896090632124
0.0 0.2331783453121048 0.6280453353081257 0.040937711014090536 0.07231061142166642
0.0 0.32541788461934446 0.6200929667512354 0.03247936271278675 0.06839829646404158
0.0 0.12510035736661024 0.563584336692354 0.030991643709708906 0.05212612420873617
0.0 0.2130187801348876 0.5504923936129897 0.022784029054951294 0.04209616481929768
0.0 0.23638791074286408 0.5543307059378104 0.028601235686694305 0.03816364822675986
0.0 0.27129120872082 0.5169987191143797 0.026795904515541792 0.04278302529667766
0.0 0.30733952511670404 0.49841526657364765 0.026612043013830355 0.03412676374338606
0.0 0.292328385181872 0.5715373101818355 0.02965435539668606 0.05189717915027803
0.0 0.3314106876586348 0.5465551073240265 0.02296791159970697 0.050752476976600125
0.0 0.3459788326603849 0.49898604684523973 0.02234942753000002 0.03955754660612358
0.0 0.4115811404481021 0.6007689056191323 0.04202426568056712 0.07865720091193858
0.0 0.40268826377743583 0.4925436393098657 0.021262860110136027 0.03321095493245929
0.0 0.48931108091535125 0.6005266729671936 0.03583932329201387 0.06527719221450061
0.0 0.43678074881464235 0.5147971664179141 0.02278402044639245 0.04209618684621459
0.0 0.37413712808566557 0.5026576999661728 0.019457533083812085 0.03783035621268631
0.0 0.45524373816127656 0.49399826046692336 0.02213211831841653 0.03828822430268577
0.0 0.4758379616075274 0.521828992782916 0.023837114649609515 0.055829713402948136
0.0 0.5995705848250891 0.597328399152349 0.03356588740875832 0.07474492782475525
0.0 0.7420587702408705 0.609516882617009 0.03580590937857346 0.07266418425175765
0.0 0.661880002149301 0.5311338294950672 0.028099755640214587 0.05039893490699523
0.0 0.8490419373097916 0.5912012604732143 0.041957378550479874 0.09343112783226477
0.0 0.7260448103070136 0.49989767605793717 0.03363277039401717 0.05997097669411975
0.0 0.5910120279253782 0.515176301865733 0.02741440994719504 0.05397793582362951
0.0 0.5441734487676813 0.5310342423141151 0.023870592011084834 0.048442802730188105
0.0 0.4997085913920647 0.5125162392853646 0.030088995181799482 0.05443580391362905
0.0 0.5147196914810301 0.4916550496631956 0.018554878179208957 0.04014003482588295
0.0 0.6377503162338105 0.4705920747127478 0.02881857040505249 0.039432974896982206
0.0 0.6920442474121038 0.4822012522703908 0.024338624347692496 0.0435944552998067
0.0 0.5434714104570336 0.48673271498025306 0.024806660829128545 0.03874613207973452
