0.0 0.49334545735449475 0.8220028757750393 0.10718107911164658 0.04621608802699058
0.0 0.5735459264097729 0.8328049169374582 0.07471375390078397 0.03551138239228209
0.0 0.5824611803133533 0.7956626733267746 0.04374935624349101 0.025073154449277445
0.0 0.5637366080107368 0.7818611727160352 0.03578182973565003 0.021186623779614243
0.0 0.5153241271212343 0.7667390031359139 0.08072549002978038 0.03657743929158723
0.0 0.5340906312634555 0.7370693797914144 0.060734482625707284 0.030558746112483527
0.0 0.5282131003237274 0.717038359013272 0.0544141343834255 0.019543780246078234
0.0 0.4935643260887714 0.665889778961117 0.07298438629633752 0.0339678579504211
0.0 0.49908289044779697 0.6095936819223395 0.05103755709589031 0.025128826966312977
0.0 0.5466206192330647 0.6110415960382217 0.037284745899574465 0.02145319380940993
0.0 0.46223090788182597 0.5766164315299416 0.07298436626845337 0.0339679015776829
0.0 0.5070412072273751 0.5495721947591614 0.053816986677225474 0.024384974070145483
0.0 0.5639135678767097 0.6692192460263977 0.04757881913559157 0.02204191913151323
0.0 0.5034801203528649 0.5120082946300956 0.044799398192495586 0.022785820738510765
0.0 0.4863717099623184 0.49857874482285486 0.04862886972283524 0.019754634131576587
0.0 0.49000573776738676 0.48410491523458266 0.045396545898695614 0.01794462691444352
0.0 0.450466573247037 0.47531167725163126 0.07020496535324154 0.03471175955741872
0.0 0.4677200829093799 0.43273953885019234 0.05126400853641213 0.026405781378378367
0.0 0.4274194063381179 0.4109105200672504 0.0601373635856306 0.035399945020118964
0.0 0.493434286530415 0.4466186057897481 0.04479942685861911 0.022785825822079088
0.0 0.4184135418435412 0.3295314057933795 0.05126400853641213 0.026405781378378325
0.0 0.4041877011761005 0.30176126270193426 0.06719912163574726 0.03417871183591936
0.0 0.4695131717021793 0.32046954369220704 0.03969346193875314 0.026827391727714645
0.0 0.4296662222247636 0.2531207304900763 0.06096096273235254 0.031835705608117104
0.0 0.3627665173071003 0.19056935038565045 0.06509903773773829 0.03875337925745277
0.0 0.3539971682359374 0.12363618073070382 0.07020496535324154 0.034711759557418745
0.0 0.48536441974660177 0.4098542797847154 0.03578183837388913 0.02118667249044428
0.0 0.46933705902031003 0.3850378133075707 0.04720812286991336 0.028160067367645602
