0.0 0.544399023936018 0.8758106860043924 0.07656578450805274 0.051796592837843394
0.0 0.49159450649598807 0.8078673540681225 0.06435857130538362 0.03802236698296006
0.0 0.6027661278178053 0.8130218730608295 0.08675717034597437 0.04752368975897916
0.0 0.5107827796574895 0.7412812720777145 0.07145144644033641 0.041955417108597716
0.0 0.42798267578623134 0.7413935824713127 0.04905287623707357 0.032454088054026366
0.0 0.4590794915485281 0.6874456209836194 0.06331331640975053 0.03277261029556531
0.0 0.5652301017548822 0.6888241891145878 0.08209074472410131 0.04785499543632987
0.0 0.500890247785898 0.657289357370862 0.07369133354506152 0.037359761947507585
0.0 0.5339656865987179 0.5661067558964648 0.08459194430669274 0.044571773188885014
0.0 0.4543759110986333 0.6338033513956486 0.05786300853685065 0.02916659215846913
0.0 0.39836063135504163 0.7084041200149517 0.04610374160152135 0.02556486646444487
0.0 0.4369798312115122 0.5635856469083447 0.05786298219160706 0.029166610953428672
0.0 0.38858005654277405 0.6421280129495097 0.044386513274024965 0.03278540620708732
0.0 0.3860976433691207 0.5996414794513548 0.044199856877433955 0.023925376529443643
0.0 0.44489406278815624 0.5347204917557481 0.06824098935858096 0.03375371253974198
0.0 0.37013872176001983 0.5666605517748108 0.04714899649715454 0.030814623151839714
0.0 0.5000320825962229 0.4514253181050377 0.07966426637369386 0.043590645911893766
0.0 0.38322338520508137 0.49514960200328995 0.062268061514117345 0.02752285360817037
0.0 0.3980065777980303 0.4321695381296296 0.06988355911271808 0.034080757044690914
0.0 0.47871628492389784 0.36152104793354145 0.07966426637369377 0.043590645911893766
0.0 0.38096512541444905 0.36802133529722103 0.06140943168566304 0.031133120360564082
0.0 0.32606990226909566 0.3796335208983813 0.04965015478199675 0.027531344600910668
0.0 0.3666114870001004 0.3087958727990006 0.061073431797109556 0.037368277973062455
0.0 0.44368145595148184 0.23273195120365237 0.08156811478420059 0.04523010457622534
0.0 0.3665743592346674 0.2228417004395864 0.056743063738445884 0.03146441348081064
0.0 0.31957477530201395 0.16261162435401982 0.06219337161134573 0.03507043161790657
0.0 0.2958320428289553 0.2792254355522411 0.049650186111408964 0.02753135083876588
0.0 0.3062848516985346 0.2116496758493414 0.05674303240903371 0.03146440724295552
0.0 0.33781060247352385 0.3356795764114037 0.06529185970719738 0.026864515982974967
