0.0 0.4831485795333509 0.8665780922072528 0.07820720918253539 0.03962129755822019
0.0 0.4966836369751501 0.8067867541576408 0.07029417382269569 0.035251483920381334
0.0 0.5457366962033652 0.8400331662675091 0.06147959984956728 0.0345453544275923
0.0 0.47035666957854677 0.7494000399088275 0.08306532920546221 0.038142510068022516
0.0 0.5575110524544001 0.7541297365622077 0.04688407502942189 0.03124139213705428
0.0 0.5821835312705155 0.7425725194852892 0.05600629407575104 0.03330640293654987
0.0 0.4805185842345501 0.7002733429391474 0.09280274573726058 0.04292531168645679
0.0 0.4610067468868535 0.6551433237426388 0.09796851083338805 0.042805405502965674
0.0 0.5827724227750413 0.6891359737856021 0.050819317695175045 0.025685924643819913
0.0 0.6308656930229146 0.6800235148686375 0.04717043922116586 0.024859873212757753
0.0 0.5469837860668146 0.643892674004156 0.07152463839064191 0.040687081313040704
0.0 0.6256099012988553 0.6524059531086864 0.03653135661664244 0.02374077606750804
0.0 0.4381272833637627 0.5571096507238534 0.09737448983386363 0.047827991282856884
0.0 0.5825022212990995 0.6140770122912483 0.05174214851926484 0.029762544931766756
0.0 0.5929398888399503 0.5764409897911043 0.08519736718520132 0.03991443119302289
0.0 0.38973745346124805 0.44044439720441153 0.11315801052520928 0.04108686993422746
0.0 0.6471854410591431 0.5401506436475432 0.05051169568589851 0.02432699937680578
0.0 0.5905006451001695 0.45589234696081926 0.08337293948015886 0.039501383497338075
0.0 0.36049371052748275 0.3323988231035252 0.15149257182786577 0.05750025738350071
0.0 0.5628956671416313 0.36178878318897356 0.07271264559118693 0.030641901875867284
0.0 0.5643589300514364 0.507830037990731 0.07697675634916896 0.03418575200325922
0.0 0.5920816744858011 0.3091116984139629 0.08884626872313453 0.040740438663777565
0.0 0.6554176057607259 0.2877359149074446 0.07607514813887209 0.0378494203935273
0.0 0.6365681017131598 0.4048939259451417 0.06147961158414681 0.03454540626529075
0.0 0.6860299239283567 0.334664486005319 0.05477582950780473 0.02787080554389019
0.0 0.6433241027686958 0.6249882856593286 0.04382915969250893 0.025392791009017302
0.0 0.6227887094632032 0.5631984794176036 0.06572246452459662 0.030348812201372154
