0.0 0.08906250074505806 0.4749999940395355 0.03750000149011612 0.08750003576278687
0.0 0.26171875 0.5007812678813934 0.0234375 0.06718748807907104
0.0 0.24062500149011612 0.53515625 0.01874999701976776 0.057812511920928955
0.0 0.3687500059604645 0.4999999850988388 0.028124988079071045 0.07500001788139343
0.0 0.4156250059604645 0.46875 0.043749988079071045 0.08749997615814209
0.0 0.46562498807907104 0.45390623807907104 0.03125 0.0859375
0.0 0.5718749761581421 0.41718751192092896 0.03125 0.10000002384185791
0.0 0.6937499940395355 0.32343751192092896 0.021874964237213135 0.09375
0.0 0.824999988079071 0.2750000059604645 0.04062497615814209 0.14375001192092896
0.0 0.8734374940395355 0.5031249970197678 0.028124988079071045 0.08437499403953552
0.0 0.796875 0.500781238079071 0.02499997615814209 0.0703125
0.0 0.699999988079071 0.538281261920929 0.03750002384185791 0.07968747615814209
0.0 0.640625 0.5414062589406967 0.03437495231628418 0.06093749403953552
0.0 0.5687499940395355 0.5734374970197678 0.028124988079071045 0.06874999403953552
0.0 0.4906250089406967 0.5734374970197678 0.025000005960464478 0.07187500596046448
0.0 0.41875000298023224 0.5656249970197678 0.025000005960464478 0.04999998211860657
0.0 0.36796875298023224 0.5882812589406967 0.017187505960464478 0.04843750596046448
0.0 0.28125 0.59375 0.03125 0.059374988079071045
0.0 0.4437500089406967 0.5999999940395355 0.021874994039535522 0.050000011920928955
0.0 0.528124988079071 0.5812499970197678 0.02187502384185791 0.04062500596046448
0.0 0.7679687440395355 0.5539062470197678 0.029687464237213135 0.04531249403953552
0.0 0.8499999940395355 0.6062500029802322 0.021874964237213135 0.05625000596046448
0.0 0.9000000059604645 0.56640625 0.025000035762786865 0.0703125
0.0 0.6187500059604645 0.6234374940395355 0.021874964237213135 0.046875
0.0 0.4593750089406967 0.6312499940395355 0.021874994039535522 0.043749988079071045
0.0 0.48749999701976776 0.6375000029802322 0.021874994039535522 0.03749999403953552
0.0 0.5093750059604645 0.6531250029802322 0.018750011920928955 0.028125017881393433
0.0 0.38750000298023224 0.6124999970197678 0.021874994039535522 0.05625000596046448
0.0 0.7054687440395355 0.6156250089406967 0.020312488079071045 0.03749999403953552
0.0 0.684374988079071 0.5999999940395355 0.015625 0.050000011920928955
0.0 0.7718749940395355 0.6187500059604645 0.021874964237213135 0.046875
0.0 0.5718750059604645 0.6437499970197678 0.012499988079071045 0.03437498211860657
