0.0 0.11974497924308865 0.15501302215208984 0.12309592858184992 0.06623315727130796
0.0 0.21142933423758495 0.2697069355117974 0.09046153960190835 0.06537249140526788
0.0 0.25865997839295674 0.38809340298422657 0.07768563503888815 0.0500525503315191
0.0 0.3033291290694864 0.48996416156158445 0.07287513909235041 0.042797855843159205
0.0 0.32781134029094944 0.5558041756655782 0.06431643360813837 0.04962725246461215
0.0 0.35568283268231954 0.6413819544962246 0.06025563244571632 0.03955577055895239
0.0 0.3743240956497312 0.7499396294299827 0.048385624269635844 0.033496790022002364
0.0 0.4027730901815295 0.7821303623616295 0.05867813220799487 0.039150433006292576
0.0 0.2908083984167379 0.12051019362208688 0.06822096855222215 0.047620953671876264
0.0 0.24320412522165186 0.1773921357737827 0.07287519729361365 0.0427978636208195
0.0 0.23653538039526492 0.21688770620277661 0.08316765887240338 0.048451544919701314
0.0 0.28906858025303683 0.349368252528566 0.06806469937346042 0.03554316145041754
0.0 0.3136509091309102 0.21596687237532902 0.0499631008239696 0.033902035390158104
0.0 0.2888805667418402 0.2635477304610184 0.028706593551764924 0.03145037259695371
0.0 0.3307769315751419 0.2957184184803375 0.05146242232285916 0.0282684143676879
0.0 0.31780999862024184 0.3205170052429617 0.04962736894153581 0.038329900752140135
0.0 0.4109991408124857 0.6537898043399822 0.0558590194898251 0.033912061735152134
0.0 0.3823895597741295 0.5555213426040216 0.04996310082396942 0.033902035390158146
0.0 0.3400432596544255 0.39723906103168616 0.051204789268221876 0.03873514602467738
0.0 0.3467901383300874 0.3645929205656007 0.04954926221927671 0.03229100372896463
0.0 0.4032553647520961 0.5123783684476478 0.03884284760688352 0.025026282895610753
0.0 0.4103465527513285 0.5792515945630339 0.0413261722149719 0.03469251943311509
0.0 0.36376113485459916 0.6041003129072007 0.04398907938308616 0.027853127386072707
0.0 0.34387392678342193 0.43833065068276617 0.06656538182180212 0.0411767978369717
0.0 0.37404081658677074 0.44775413634913636 0.04905714031491968 0.0246410440295727
0.0 0.3714719913928534 0.49993539576386165 0.036515736443313074 0.027437840404457337
0.0 0.36658335863661734 0.4874523332554199 0.03087744293763226 0.01696105167430595
