0.0 0.8981175089890036 0.6584978152597447 0.03184780603102233 0.07822681352254399
0.0 0.8592648675332082 0.7059076390367539 0.0446203730103079 0.08415031948438294
0.0 0.8244092424374285 0.6435901257231949 0.03615133160746389 0.0623796141528933
0.0 0.7565602639893392 0.6523801062980383 0.029633650761169507 0.06686972084678419
0.0 0.7228553855592978 0.6957714679843899 0.03817963862612093 0.07123561805060907
0.0 0.7324873720852418 0.6034380540279103 0.02548411614295043 0.04790721636572144
0.0 0.6724940334323138 0.6649947097785568 0.029633650761169507 0.06686972084678419
0.0 0.6242379575222496 0.6431763414114142 0.023843427183786313 0.06270869093169038
0.0 0.5934746809968938 0.6842714339050623 0.03901599059473489 0.08249028294055157
0.0 0.5798062414418943 0.6071818183762044 0.0227283099277642 0.04770248828146366
0.0 0.5530066811091027 0.6322249853687936 0.02613451828166786 0.05666083236961308
0.0 0.543633755562644 0.5812316673276131 0.023455760107289603 0.03905125626569754
0.0 0.5178324499182356 0.6208093427109554 0.026506207694673913 0.0616629145189191
0.0 0.4804571535997044 0.713596062882295 0.035145112595837524 0.06727926070498454
0.0 0.4746697106478829 0.6050278704986798 0.02300712777686904 0.051454029947446855
0.0 0.4539711015962494 0.5852572131396352 0.019786760584775374 0.044996679230559965
0.0 0.4243693518280178 0.6107208346942443 0.029726574886767398 0.06812026523580617
0.0 0.3815609585029017 0.6647524979212989 0.03790087333871286 0.06748408029032485
0.0 0.3524876224868031 0.6085230747095188 0.028890275479850257 0.056865604251562465
0.0 0.33248595293453825 0.579373574902613 0.023378764628178273 0.05645610819105427
0.0 0.2811169897108004 0.5994474894998897 0.03238941150404484 0.0670745404321246
0.0 0.23959352635067566 0.6548320572523962 0.032854017953262905 0.07332707156367109
0.0 0.2205609421024141 0.5660270926847237 0.026954892586791245 0.04926014474286866
0.0 0.18822598149291353 0.6189508786596729 0.026320415549867592 0.05916187734996496
0.0 0.15086947683366878 0.5809672423018344 0.02907617629274295 0.059366696935305364
0.0 0.09099956944180272 0.6595082516181257 0.0357027028217363 0.07478243553803363
0.0 0.3111289003507454 0.5777865976996275 0.016675291637077504 0.058445177715990934
0.0 0.3821358605986821 0.582434182913248 0.02492653655113051 0.040404184642844856
0.0 0.6210734595906761 0.5832137227334222 0.029524805078470707 0.046963875550165214
0.0 0.6962126074443693 0.6441236047105087 0.023936347764691224 0.06395918761732151
