0.0 0.987029391093554 0.3474147825769962 0.025941217812891715 0.12003981391312468
0.0 0.9524463240133336 0.3795033251489375 0.04624506207625725 0.07094575613034548
0.0 0.9187538567844633 0.3484622335886658 0.07481361637403801 0.09999439085678681
0.0 0.8272568801575797 0.3668923421985812 0.05603870627037892 0.084492483386577
0.0 0.7858301126657363 0.31952535349114264 0.07411945540566967 0.1125262640833656
0.0 0.7056599837789268 0.3550634402839893 0.045085701944525346 0.06562014903103161
0.0 0.6881929531928919 0.3143068678895228 0.0400440338813806 0.05818112482683331
0.0 0.6455173148224359 0.30292483009049576 0.0616601229215334 0.09459432605738738
0.0 0.5886164695539465 0.28774880757232885 0.07174353862644418 0.10947244017149238
0.0 0.5065678289709398 0.2670982125651008 0.04972312588673651 0.08692250124515719
0.0 0.43543995115099055 0.2697424034312187 0.06171732772965299 0.0869969738621978
0.0 0.394038111261339 0.2697936280137296 0.04462417896508954 0.08708078892481663
0.0 0.36547139090934294 0.2670610178311102 0.041378744851184826 0.08003277238564625
0.0 0.3021672926022946 0.2553717418796314 0.052446153265038875 0.08371037695643606
0.0 0.23428668284203477 0.23013574613039864 0.05378086976308181 0.10556204990962574
0.0 0.16399597524663362 0.26782453077680923 0.04323218913678313 0.0728264532498614
0.0 0.12450856341784348 0.2417971369406106 0.04120338295663491 0.06350668113739384
0.0 0.0831371996673472 0.22442381654923213 0.043522023641477316 0.07415782963031323
0.0 0.032053246771191826 0.2106955356429121 0.06410649354238365 0.09615847321196096
