0.0 0.8529753024685303 0.4937201135980026 0.04618358733627588 0.12126275806900395
0.0 0.7475131387845421 0.5246240539902798 0.04625275855693074 0.11040736028765305
0.0 0.691858350302134 0.4297170197213516 0.0451132932561098 0.11208506013406767
0.0 0.6552269129269395 0.5391073671555636 0.05074134935901409 0.11455198165100952
0.0 0.5785816312048226 0.575953208030486 0.0498851108286031 0.1072097952949492
0.0 0.5052097577926752 0.593812278107609 0.048890641285971356 0.12157848656434407
0.0 0.6000693931973913 0.43670037281887186 0.03178581982516837 0.07794046448033738
0.0 0.5779195406278865 0.4644002277395839 0.028505762281167257 0.06126273344674029
0.0 0.54821845794346 0.4920504978909685 0.028933933178069537 0.06493383264600813
0.0 0.5016233125882417 0.4630650490130085 0.03007329521549691 0.06325612075711833
0.0 0.4808103761570484 0.40223515886111905 0.02736635269489094 0.06294047432453179
0.0 0.4453709087522486 0.41008907687319135 0.027863643180751473 0.05575616972121109
0.0 0.4492684974118106 0.4905664278264723 0.028795646451304703 0.08664466924008662
0.0 0.4187457359914519 0.5052889689991394 0.035563060508788526 0.08743384385799961
0.0 0.43308765044154524 0.6282701208368897 0.04582464745742101 0.10673633712990131
0.0 0.3342546636785489 0.6807270045866736 0.04347663664997423 0.12094704161613885
0.0 0.3286493361027082 0.4209102842646451 0.02807764709880951 0.05759167527884941
0.0 0.3299469801178453 0.5026210754607087 0.037772819889775544 0.0949338419465211
0.0 0.2654106946162362 0.5315430098412498 0.030791286402296426 0.09230904469807708
0.0 0.2856273694239796 0.45197449729348504 0.027083117758785403 0.07196029050672825
0.0 0.3532395668906424 0.490602202392577 0.02836752718609912 0.08297357606205633
0.0 0.24156966845956385 0.4682754697647315 0.02530158090639758 0.06813139763871198
0.0 0.21557008549303988 0.4806100478018962 0.023878884752318853 0.0788289486774623
0.0 0.19894788058689755 0.5439450949409336 0.0367783421814484 0.1093024631956375
0.0 0.11290533289969587 0.42374410567443804 0.02800852750985148 0.06844707908143777
0.0 0.22353008667766416 0.7606177075721934 0.050105815612389915 0.1434470588493678
0.0 0.08836015913509736 0.7838230602650699 0.038780639532167926 0.14936866064944923
0.0 0.1323368297541705 0.5256661585276412 0.030646350441499482 0.07961812931661276
0.0 0.047167105618067875 0.5011792744628955 0.030860410074102295 0.08145367590562795
0.0 0.014065538641192043 0.558227453589798 0.028131077282384086 0.10499999508968054
0.0 0.11629098091662224 0.6233533203576849 0.03257288713492483 0.09613804861774859
0.0 0.4135604730849529 0.3961240043589486 0.02309181744256241 0.060631364540051094
0.0 0.3963240338229933 0.41301812777174796 0.027083169390482276 0.0719602965279658
