0.0 0.05937499925494194 0.27812499552965164 0.03750000149011612 0.09687499701976776
0.0 0.10312500223517418 0.3062500059604645 0.03750000149011612 0.09062498807907104
0.0 0.14609374850988388 0.3023437559604645 0.02656249701976776 0.06718748807907104
0.0 0.20156249403953552 0.31171874701976776 0.03125 0.06718751788139343
0.0 0.23749999701976776 0.32500000298023224 0.03437498211860657 0.09062501788139343
0.0 0.26484376192092896 0.33124999701976776 0.0234375 0.05937501788139343
0.0 0.2906249910593033 0.32500000298023224 0.025000005960464478 0.07187500596046448
0.0 0.32109375298023224 0.3335937559604645 0.020312517881393433 0.0703125
0.0 0.33984375 0.2906249910593033 0.020312488079071045 0.05625000596046448
0.0 0.3656250089406967 0.34296874701976776 0.025000005960464478 0.09531250596046448
0.0 0.40234375 0.34062498807907104 0.0234375 0.0625
0.0 0.43437500298023224 0.3187500089406967 0.025000005960464478 0.06874999403953552
0.0 0.4124999940395355 0.29609374701976776 0.018750011920928955 0.04531249403953552
0.0 0.48125000298023224 0.3375000059604645 0.028125017881393433 0.09375
0.0 0.5109374821186066 0.32109375298023224 0.012499988079071045 0.06718751788139343
0.0 0.5335937738418579 0.31718748807907104 0.0234375 0.078125
0.0 0.550000011920929 0.3218749910593033 0.015625 0.06874999403953552
0.0 0.574999988079071 0.34296874701976776 0.03125 0.08906248211860657
0.0 0.60546875 0.3343749940395355 0.02031254768371582 0.07499998807907104
0.0 0.667187511920929 0.328125 0.02187502384185791 0.07499998807907104
0.0 0.706250011920929 0.34687501192092896 0.03750002384185791 0.09375
0.0 0.7562499940395355 0.3648437559604645 0.025000035762786865 0.07343751192092896
0.0 0.785937488079071 0.33984375 0.02187502384185791 0.06093752384185791
0.0 0.824999988079071 0.32500000298023224 0.02499997615814209 0.07500001788139343
0.0 0.8578124940395355 0.36249999701976776 0.034375011920928955 0.08750000596046448
0.0 0.9500000178813934 0.36250001192092896 0.028124988079071045 0.109375
