0.0 0.5179687440395355 0.553906261920929 0.035937488079071045 0.02968752384185791
0.0 0.7359375059604645 0.97265625 0.14687496423721313 0.04218745231628418
0.0 0.6468749940395355 0.8468749821186066 0.09999996423721313 0.043749988079071045
0.0 0.6265625059604645 0.7312500178813934 0.09062498807907104 0.028124988079071045
0.0 0.5890624821186066 0.625 0.08125001192092896 0.03750002384185791
0.0 0.5750000178813934 0.44843748211860657 0.07499998807907104 0.043749988079071045
0.0 0.578125 0.34687501192092896 0.06875002384185791 0.03125
0.0 0.5625 0.2945312559604645 0.07500004768371582 0.032812535762786865
0.0 0.5843749940395355 0.9156250059604645 0.07499998807907104 0.018750011920928955
0.0 0.5125000178813934 0.44062501192092896 0.050000011920928955 0.02499997615814209
0.0 0.5374999940395355 0.7750000059604645 0.056250035762786865 0.025000035762786865
0.0 0.528124988079071 0.7999999821186066 0.05312502384185791 0.028124988079071045
0.0 0.5203125178813934 0.8664062321186066 0.050000011920928955 0.020312488079071045
0.0 0.5218749940395355 0.949999988079071 0.059374988079071045 0.03125
0.0 0.54296875 0.6812500059604645 0.0703125 0.025000035762786865
0.0 0.5031249970197678 0.515625 0.05625000596046448 0.02187502384185791
0.0 0.5359375178813934 0.7125000059604645 0.050000011920928955 0.025000035762786865
0.0 0.515625 0.7351562678813934 0.046875 0.020312488079071045
0.0 0.5437500178813934 0.604687511920929 0.059374988079071045 0.02499997615814209
0.0 0.49687500298023224 0.581250011920929 0.05312499403953552 0.015625
0.0 0.59375 0.9859375059604645 0.07500004768371582 0.025000035762786865
0.0 0.6171875 0.879687488079071 0.08437502384185791 0.02499997615814209
0.0 0.590624988079071 0.5531249940395355 0.078125 0.034375011920928955
0.0 0.578125 0.7593750059604645 0.078125 0.021874964237213135
