0.0 0.43560130740804565 0.03775023154168853 0.07076834376996244 0.04398537863368786
0.0 0.3632797155243799 0.08470369603361069 0.04622864391728916 0.035980907195325026
0.0 0.43083999650960336 0.10099683824213583 0.07550327889621636 0.05170531606312094
0.0 0.4336643575879101 0.18032114795051174 0.07759057872403652 0.0452605067451044
0.0 0.36097423192274086 0.19147247696057584 0.04864689657928363 0.03130668277780409
0.0 0.3414872501136797 0.21073594483154184 0.04490485248643909 0.028898506130441426
0.0 0.4285720938552939 0.24533833955145465 0.09123500882049292 0.047810885893739205
0.0 0.4459322663188203 0.30355746450628235 0.08991120476460149 0.040728417285371334
0.0 0.34016244924170824 0.27920607861102575 0.05310164406438478 0.02872190363740499
0.0 0.30207982806894096 0.2940774781419334 0.046941334684504586 0.030987883864078913
0.0 0.29680989320882123 0.32699317106235665 0.031260389859095385 0.026348120901223116
0.0 0.4429009004234694 0.4330964861537323 0.10004297874888941 0.05970978750148381
0.0 0.488871828471261 0.6121092804414274 0.12127307450957411 0.050008004673983565
0.0 0.4900658220803352 0.7662602380813691 0.1560461005749918 0.059925195970629994
0.0 0.33311711610387684 0.6993581240465054 0.081332622816881 0.047668683392467145
0.0 0.29816446776260613 0.7871972576708064 0.09227865242188246 0.0445884474629886
0.0 0.31459958659925924 0.5859484945486905 0.0714810219121365 0.03899228775895738
0.0 0.36531228911322594 0.32880263556302974 0.06537149763112371 0.03272407485339377
0.0 0.3430629527653103 0.3722881730338684 0.048977862038498986 0.03307733522178422
0.0 0.28204468389000253 0.3682126945347792 0.04556672562389985 0.0324396698508493
0.0 0.28210862167195827 0.3489836513064445 0.04391194882798821 0.023586677804886592
0.0 0.3246064392965858 0.4238125420825085 0.07010644538241899 0.04044407982631126
0.0 0.3441554014267326 0.5080954136674654 0.0701064580074604 0.04044414736979558
0.0 0.298844450476904 0.44831676775984375 0.05854928258289562 0.03144888527907632
0.0 0.2802580840775519 0.6610745323253432 0.0592111557203562 0.0349900489994841
0.0 0.2504718582349559 0.8204296018950996 0.07417945493447879 0.04462290891765379
0.0 0.23017166010507156 0.7543310478596249 0.05750563898150598 0.03467132370982702
0.0 0.28213205044800116 0.47634496324228814 0.05002146048395968 0.029854823166965704
