0.0 0.8002678134024016 0.656550613177679 0.03941294048788393 0.07443406091848762
0.0 0.7224928321545929 0.6462120024232559 0.03494136194994537 0.06692013783307163
0.0 0.7429852441824517 0.7018032137181478 0.035538546337391175 0.05835019096286622
0.0 0.6636575556390467 0.601652840925721 0.03657998418985349 0.07924711454283724
0.0 0.6343295651417609 0.6801912167114705 0.03366584413581579 0.044262284756712234
0.0 0.6104262162190102 0.6976229761136695 0.03483628412801894 0.05306723453261304
0.0 0.6001405360119607 0.592313480772622 0.04128562583218605 0.08852196488380795
0.0 0.5533919160607652 0.5583215490036775 0.040220310771077725 0.09357002365468654
0.0 0.5455452511576733 0.6782457138720419 0.02553004048586045 0.048370399081245095
0.0 0.5151805433351554 0.7172199236323128 0.02506183345335824 0.0448484348421486
0.0 0.5052054107834245 0.6298727986133917 0.04201180789449817 0.06786001062131435
0.0 0.4838842217963535 0.7023070604960895 0.025424953734185695 0.0345174286043509
0.0 0.4439981456031109 0.5016653332057686 0.04705666335934087 0.09274886618188782
0.0 0.45485235072772595 0.6500609688829997 0.030832866515638723 0.04907530255201058
0.0 0.4051250727953496 0.6452428470747889 0.03858168853116952 0.08124304694492075
0.0 0.3223242131390579 0.4155990358148404 0.03525665145464152 0.10847902015720319
0.0 0.3394081374825049 0.6795176760997359 0.02376242057108584 0.04813542976376768
0.0 0.260273956613585 0.5982101383776296 0.03834757039008254 0.07948207937864789
0.0 0.20337809964954148 0.3496085672258535 0.050544063483010326 0.1451086262023366
0.0 0.15753496174650733 0.5388543464701285 0.028339064538552082 0.06950228749702676
0.0 0.3336179343441864 0.5945189497715564 0.032342545115149335 0.0734941948527453
0.0 0.08207223076400809 0.5449520607679598 0.03904990002854607 0.08476504477223497
0.0 0.030742214836007413 0.5927880640252821 0.037411282253512014 0.07243810165068698
0.0 0.18005298334378597 0.6198043329256065 0.03553858005193673 0.058350195444532994
0.0 0.07520247908892416 0.6372284553433787 0.027765838183466073 0.05212736174436987
0.0 0.44359220650314873 0.7077037021278106 0.02636127558530186 0.04156141081397866
0.0 0.3771012471896752 0.6666071404891496 0.02917036260221053 0.06269327460487642
