0.0 0.052271415273457286 0.5595958818223988 0.05063253225540124 0.07392965852478443
0.0 0.19283829096561805 0.6239072587008512 0.047836365058453456 0.10100717647415954
0.0 0.2937972837155881 0.5591925451927043 0.04355265133343731 0.06802100937199906
0.0 0.38856608955869 0.5410799937954203 0.035032276461250955 0.06317262129555008
0.0 0.4794442564646392 0.5118618816013962 0.03708943522861796 0.05470865360122934
0.0 0.5401128571300607 0.5014030170261702 0.03643040434387501 0.049633891862183435
0.0 0.6266296456764304 0.4888774919597886 0.03354947658877716 0.05175432666405007
0.0 0.7267907522457431 0.4745800065165584 0.035154665999225274 0.05196278362257258
0.0 0.7773338467200591 0.46156578801863546 0.022312967013487395 0.05029510409802285
0.0 0.2572657114109959 0.5355546184992476 0.0313276075970236 0.058949621986945824
0.0 0.18710464861507112 0.49177216009603253 0.03548418458411891 0.054500188690583595
0.0 0.21727892899897636 0.5355870823742435 0.025193888483540892 0.04817462089917992
0.0 0.2607797305214465 0.4809143155482161 0.030296660898411033 0.038858935195332386
0.0 0.3188969634304679 0.4759471538096152 0.020994898958957054 0.040145532222954916
0.0 0.6425334862667764 0.44165885998228055 0.03095567647464135 0.0439336949463474
0.0 0.5436481086145469 0.45321045124836595 0.02902096847929947 0.04118783291981387
0.0 0.5742695255893923 0.4376229538294302 0.02161160013381922 0.03274183032654383
0.0 0.49864090301890407 0.4648606931089976 0.01729021478621684 0.03592253092631994
0.0 0.4883105648382887 0.47329774331432295 0.014244530881194439 0.03677428739266908
0.0 0.4033566175414517 0.4727193957549762 0.021983448428593722 0.047757699030011834
0.0 0.3768493987757607 0.46971129450708576 0.020665380374063423 0.0376081271549439
0.0 0.07461728961942946 0.5179911288971957 0.028404305575719 0.04859153978630211
0.0 0.435317334944863 0.4737292073843357 0.0309980737036172 0.05641221493090391
0.0 0.3429351573859615 0.48508132623045475 0.024370101448873215 0.04183118082461679
0.0 0.5154108882323998 0.43688098946872306 0.022105813634586812 0.036547905777949016
0.0 0.5864357603227827 0.47474581244106967 0.024205339013904224 0.04056245409212318
0.0 0.36014297878870327 0.5170341529758241 0.029392853676143547 0.05620375399631987
