0.0 0.6246265422964218 0.8607770920590163 0.09341521794438697 0.022715555951287315
0.0 0.5236904613066308 0.8352116936788134 0.11956309815862651 0.02843087565020035
0.0 0.5601823321045294 0.7762691624115682 0.09343273729405918 0.024059390466301254
0.0 0.5831507105010274 0.7517765693878473 0.07659834801502914 0.01846549882798474
0.0 0.6315692840028286 0.8217087209821727 0.04860535298091708 0.01406973399200755
0.0 0.6373644893720865 0.6946190996927781 0.04858783371478381 0.012725905884902123
0.0 0.5712590466008927 0.6255895635661902 0.05983407149575859 0.018246932897082145
0.0 0.5347408790352964 0.6825163448944787 0.07853116620947595 0.023865121133597178
0.0 0.5325394077835501 0.585100384661395 0.09155251276031588 0.022691278576814078
0.0 0.6291078129930223 0.6328997889973076 0.04486242334664183 0.01267735113595565
0.0 0.5946945144889565 0.5654731851678179 0.06733741533768338 0.02237559033220151
0.0 0.5340019939403311 0.48293244613603614 0.08968980715855057 0.022666969162798624
0.0 0.5922361506641799 0.5198070441764542 0.05233072798798899 0.014118301093596308
0.0 0.5228110692507876 0.4104988790492919 0.08041139074321917 0.025233233023084577
0.0 0.5631744566170601 0.43416581343526717 0.06730241166525372 0.01968788331789755
0.0 0.5679391268723748 0.3709326954902771 0.06733745053167581 0.02237556516374255
0.0 0.5282092983059329 0.3244083999551552 0.05985162679127285 0.019590799914812874
0.0 0.5129047638300424 0.29369443081876434 0.08599947101790092 0.025306083907054865
0.0 0.5859266691160572 0.32163983128017076 0.03751675373530601 0.020643210743870988
0.0 0.5423049784702048 0.2623976788527202 0.07102778667232545 0.019736450419486306
0.0 0.4814022074602054 0.1637308874249065 0.08972488155312072 0.025354651471818236
0.0 0.4804649393902734 0.09183569258075389 0.09343273746113692 0.024059403282118197
0.0 0.5789519960206435 0.5011633339323502 0.059781513530280606 0.014215435759948391
0.0 0.6173012185511626 0.7990456394723549 0.05053810020260689 0.01946936177917937
0.0 0.6506020372650365 0.7811386682956423 0.043087314576776684 0.019372220704918952
