0.0 0.09375 0.684374988079071 0.04375000298023224 0.10312497615814209
0.0 0.1406249962747097 0.784375011920929 0.04374999552965164 0.11562502384185791
0.0 0.1875 0.6429687440395355 0.028124988079071045 0.08281248807907104
0.0 0.26874999701976776 0.6734375059604645 0.025000005960464478 0.08125001192092896
0.0 0.29999999701976776 0.765625 0.03437498211860657 0.09375
0.0 0.29374998807907104 0.5859375 0.03125 0.06875002384185791
0.0 0.3374999910593033 0.6578125059604645 0.021874994039535522 0.07499998807907104
0.0 0.421875 0.675000011920929 0.02187502384185791 0.0625
0.0 0.45624999701976776 0.762499988079071 0.03749999403953552 0.10312497615814209
0.0 0.5023437440395355 0.640625 0.029687464237213135 0.07500004768371582
0.0 0.34062500298023224 0.5687499940395355 0.028125017881393433 0.043749988079071045
0.0 0.4281250089406967 0.5625 0.025000005960464478 0.0625
0.0 0.47734373807907104 0.573437511920929 0.0234375 0.0625
0.0 0.5218749940395355 0.557812511920929 0.025000035762786865 0.05624997615814209
0.0 0.5531249940395355 0.640625 0.028124988079071045 0.08749997615814209
0.0 0.596875011920929 0.5929687321186066 0.02499997615814209 0.06718748807907104
0.0 0.5999999940395355 0.7421875 0.034375011920928955 0.11249995231628418
0.0 0.7125000059604645 0.746874988079071 0.037499964237213135 0.10000002384185791
0.0 0.625 0.5593750178813934 0.02499997615814209 0.06562501192092896
0.0 0.6624999940395355 0.628125011920929 0.025000035762786865 0.09375
0.0 0.6937499940395355 0.629687488079071 0.018750011920928955 0.06875002384185791
0.0 0.706250011920929 0.5546875 0.02187502384185791 0.05312502384185791
0.0 0.7531249821186066 0.620312511920929 0.028124988079071045 0.078125
0.0 0.778124988079071 0.5625 0.02499997615814209 0.07500004768371582
0.0 0.840624988079071 0.6203124821186066 0.02499997615814209 0.08125001192092896
0.0 0.8875000178813934 0.7437500059604645 0.034375011920928955 0.09687501192092896
0.0 0.953125 0.653124988079071 0.02812504768371582 0.08437502384185791
0.0 0.9124999940395355 0.539843738079071 0.025000035762786865 0.07656252384185791
0.0 0.8015625178813934 0.5374999940395355 0.018750011920928955 0.08437496423721313
