0.0 0.90625 0.684374988079071 0.04375004768371582 0.10312497615814209
0.0 0.859375 0.784375011920929 0.04375004768371582 0.11562502384185791
0.0 0.8125 0.6429687440395355 0.02812504768371582 0.08281248807907104
0.0 0.731249988079071 0.6734375059604645 0.02499997615814209 0.08125001192092896
0.0 0.7000000178813934 0.765625 0.034375011920928955 0.09375
0.0 0.706250011920929 0.5859375 0.03125 0.06875002384185791
0.0 0.6624999940395355 0.6578125059604645 0.021874964237213135 0.07499998807907104
0.0 0.578125 0.675000011920929 0.02187502384185791 0.0625
0.0 0.543749988079071 0.762499988079071 0.03750002384185791 0.10312497615814209
0.0 0.4976562559604645 0.640625 0.029687464237213135 0.07500004768371582
0.0 0.6593749821186066 0.5687499940395355 0.028124988079071045 0.043749988079071045
0.0 0.5718750059604645 0.5625 0.025000035762786865 0.0625
0.0 0.522656261920929 0.573437511920929 0.0234375 0.0625
0.0 0.4781250059604645 0.557812511920929 0.025000035762786865 0.05624997615814209
0.0 0.4468750059604645 0.640625 0.028124988079071045 0.08749997615814209
0.0 0.40312498807907104 0.5929687321186066 0.02499997615814209 0.06718748807907104
0.0 0.4000000059604645 0.7421875 0.034375011920928955 0.11249995231628418
0.0 0.2874999940395355 0.746874988079071 0.037499964237213135 0.10000002384185791
0.0 0.375 0.5593750178813934 0.02499997615814209 0.06562501192092896
0.0 0.3375000059604645 0.628125011920929 0.025000035762786865 0.09375
0.0 0.3062500059604645 0.629687488079071 0.018750011920928955 0.06875002384185791
0.0 0.29374998807907104 0.5546875 0.02187502384185791 0.05312502384185791
0.0 0.24687501788139343 0.620312511920929 0.028124988079071045 0.078125
0.0 0.22187501192092896 0.5625 0.02499997615814209 0.07500004768371582
0.0 0.15937501192092896 0.6203124821186066 0.02499997615814209 0.08125001192092896
0.0 0.11249998211860657 0.7437500059604645 0.034375011920928955 0.09687501192092896
0.0 0.046875 0.653124988079071 0.02812504768371582 0.08437502384185791
0.0 0.08750000596046448 0.539843738079071 0.025000035762786865 0.07656252384185791
0.0 0.19843748211860657 0.5374999940395355 0.018750011920928955 0.08437496423721313
