0.0 0.8980577435695938 0.5014969375658352 0.051495900579564415 0.09602159428208364
0.0 0.8804978855629599 0.5886892147541882 0.04346563616511556 0.0578714221630424
0.0 0.7696304136773311 0.5794590430338273 0.034821113322809794 0.058390620618344616
0.0 0.7616453978381893 0.4661030943576715 0.037632018040786266 0.08197129096914804
0.0 0.735895626090899 0.5618853614888488 0.02719335888135772 0.052832235496306355
0.0 0.6769073790180615 0.6058738540192907 0.03463371804226752 0.05681859938030413
0.0 0.6259494637418604 0.6125544278374417 0.026443763461845116 0.046544030606612274
0.0 0.6785697538763575 0.5167865225934318 0.03409923731520923 0.08155016024957255
0.0 0.5758487367096609 0.5970157641584504 0.03350926110514685 0.047386313997745774
0.0 0.6431640985992522 0.44560178190101085 0.04330601338132976 0.08574703354079202
0.0 0.5267163591301088 0.4380979759427307 0.049729543907869725 0.09581103293849606
0.0 0.6090907893552047 0.5435806093660909 0.028317744861954618 0.062264482862081215
0.0 0.5049660703305043 0.5829857629066426 0.03546308043957138 0.049168904611774075
0.0 0.4737611938273488 0.5441894538439127 0.03342948697868371 0.061324153687203786
0.0 0.4319476554960738 0.4140458602099817 0.044055615949513974 0.09203529839925242
0.0 0.4399447733915154 0.5648712890747358 0.026818561171601373 0.04968813305145927
0.0 0.4222289462391199 0.5181166971245361 0.030566523971820202 0.0811290375623976
0.0 0.2796378337650034 0.37675690279554586 0.04972954390786981 0.09581103293849616
0.0 0.33337535524010414 0.48201460897195086 0.02944213084255152 0.07169673022785635
0.0 0.3849335947073469 0.5304118688680723 0.028879937852253068 0.06698060654496887
0.0 0.35795541968779926 0.5463285015715698 0.027380757736235762 0.0544042867187299
0.0 0.3156958378309437 0.5476684276031627 0.025614397490205443 0.054193695390759355
0.0 0.1916342692213241 0.5288934959007744 0.03147573145211102 0.05954154112119277
0.0 0.1759139061162411 0.4353424420758036 0.03278751628758614 0.07054583970939135
0.0 0.1011811237296473 0.31084093941247 0.049729543907869746 0.0958110329384961
0.0 0.09267868021038914 0.4573079415420976 0.04338579108212877 0.07180922383571708
0.0 0.12713527642223404 0.4988834321898551 0.031475727877775195 0.0595415111368097
0.0 0.2733183187429557 0.47485541485257077 0.0365076249115174 0.07253898363460679
0.0 0.24371660595638386 0.512780663740857 0.029976476805234187 0.04696515329378714
