0.0 0.6041820063678137 0.05443285412398284 0.09291309962534004 0.04848364365232287
0.0 0.6047627100068731 0.1864403522793673 0.0847465807050459 0.04927699964848455
0.0 0.5236219658525992 0.2321121208692313 0.0859681590571002 0.04777585453536633
0.0 0.5960730005527903 0.29924608527512486 0.08802679993750609 0.05448810147933627
0.0 0.6070305572259976 0.39828676454450934 0.0824708262886377 0.05392186802577008
0.0 0.6047678802309143 0.4893411769994024 0.09324795623851187 0.05176905330534378
0.0 0.5095437476023866 0.34270895366628046 0.05979451011859167 0.03372920377240658
0.0 0.5251979575778895 0.3750093071474593 0.04712618084132014 0.030812477725374078
0.0 0.5392369501074663 0.4162735352981917 0.049904174051986064 0.031095657114887577
0.0 0.508267198403252 0.46539868259363304 0.048682582927468764 0.032596676902544974
0.0 0.45936750879997207 0.47701237727704526 0.04834779207245168 0.029311397974987406
0.0 0.457709085463369 0.5208261321776513 0.04295925997659191 0.03038787069793223
0.0 0.5174604294305521 0.5335545552843867 0.06623724477165141 0.02950901048529566
0.0 0.5218601856579979 0.573006555834489 0.06707426803469438 0.037722274516921936
0.0 0.6149223834300119 0.5824909610630717 0.08196864686630327 0.04899388832170386
0.0 0.6326731741915884 0.7112691677250831 0.09257825578463139 0.045198359324762905
0.0 0.4412282423083739 0.6618830678317928 0.04434822050973164 0.03052936369859225
0.0 0.501339249194264 0.6779675817291473 0.0727976302508802 0.03993120874699683
0.0 0.5090257501184093 0.760907469694836 0.07057155420369679 0.03157631828924616
0.0 0.4549820894730815 0.7197155104346312 0.055125291087682805 0.0283764809154329
0.0 0.49740770946041096 0.6476918193250486 0.06345925794721712 0.029225893758512634
0.0 0.45770773341628646 0.7755941697734494 0.052179928468394546 0.026450788737601982
0.0 0.46130446266246794 0.8091552778178379 0.060179032328525485 0.0240147292649306
0.0 0.504211363318292 0.8425733377900031 0.08357470721506281 0.03777838862656786
0.0 0.3981931191170932 0.9189042501433697 0.05251474581625737 0.02973607036516075
0.0 0.6680282722874953 0.8600984829770677 0.10974835615357126 0.05182503938952774
0.0 0.47689719276618947 0.9177968362920342 0.061016061977800094 0.032228055959287086
0.0 0.4411562469061119 0.9987765814701252 0.06240505539001715 0.0024468370597494626
0.0 0.5450818639984328 0.9579403825841185 0.0735170026877543 0.03350208122981115
0.0 0.4408306527304222 0.5556199949931547 0.046456539759362946 0.024241851807525982
0.0 0.4495988037295769 0.5797497738882142 0.05512529747391426 0.028376543578163282
