0.0 0.6563620147763567 0.9358173647056749 0.08750749250115408 0.05797144042941671
0.0 0.6446268853545535 0.8499013686642158 0.10798673433520393 0.06272748869218017
0.0 0.658818676084931 0.7989388990786477 0.07943873690746388 0.04773115252993421
0.0 0.6616164062579333 0.7614836254711593 0.07615700479547689 0.03636160109893094
0.0 0.6816165356813261 0.69999783515458 0.05762843339391051 0.033701944964919586
0.0 0.6587051296413444 0.6560129578865157 0.0937127233657578 0.05522934483589346
0.0 0.705208174543188 0.6314562059444625 0.0498258970694355 0.025316293385651
0.0 0.7127709244663556 0.7584158461047317 0.04832057357200137 0.0378151037364793
0.0 0.6941336826245262 0.5768669581653652 0.07890629836903332 0.044021879889506545
0.0 0.7100970123132706 0.53751583542545 0.0711037620445583 0.035636228310237696
0.0 0.6843952087079864 0.47704122740239574 0.10851917033477942 0.06643674364548495
0.0 0.7172026806073266 0.44010797422540343 0.08511155628364424 0.04127975353343309
0.0 0.6906200137497593 0.33786438466909113 0.1001841903941636 0.054341784051542955
0.0 0.7123481092798205 0.2823051543332543 0.06046481603199316 0.0304762762292194
0.0 0.726447890559054 0.2559364658418655 0.06596340825681608 0.04579686918461601
0.0 0.7434760837996559 0.20916677782812476 0.06099725457042382 0.034185548869647066
0.0 0.7118787932591051 0.14784593449338315 0.097967337897893 0.05039079558851793
0.0 0.7399428196061505 0.11401745907239436 0.06099725457042382 0.034185548869647066
0.0 0.7436312094213775 0.04640454847145355 0.07385305815696981 0.043296524787935955
