0.0 0.6448848915540635 0.9358408792631963 0.07979550543903305 0.05360324349426478
0.0 0.67126905358172 0.8467765706776387 0.06725015409599297 0.038977154654511105
0.0 0.5639524262191282 0.8938948136486667 0.09077470769759728 0.04842939374614765
0.0 0.6274132104840058 0.7862085156406817 0.07466995716383576 0.04298914077867799
0.0 0.7088256258131536 0.7551381651616786 0.05114543669255047 0.03353690713542621
0.0 0.6580117114379266 0.7119227202894447 0.06630640664546786 0.03323845318752712
0.0 0.5542117565987196 0.7533054345738808 0.08579964070027621 0.04900708987631841
0.0 0.6056011800427787 0.696966069320218 0.07720017969934947 0.03782169132018014
0.0 0.5388635230429187 0.6165852450275415 0.0885658068486677 0.04527435683119254
0.0 0.6424947362697195 0.6555351613127145 0.060623584070479984 0.029512065703185632
0.0 0.7255506491189114 0.7103934010034194 0.04822875613596382 0.02607783588640942
0.0 0.6332280361062087 0.5774909496646223 0.06062355994048989 0.02951211498363602
0.0 0.7102797715635101 0.6392304988485684 0.04617044495619593 0.03411466889120174
0.0 0.6967682721031208 0.5950377557413272 0.04625583203023105 0.024357520833211764
0.0 0.6146134056026057 0.5510824969199046 0.07151733299437142 0.03409535311628886
0.0 0.7000693194493097 0.5554475583690746 0.04917250358648886 0.03181653735339322
0.0 0.529155400524431 0.4870416461419505 0.08335487149943548 0.04441740217359591
0.0 0.6603627045088588 0.4875664589122407 0.06536265019461407 0.027499696991708157
0.0 0.6221897081161227 0.4290108218672116 0.07325432248755508 0.03438100648494942
0.0 0.516349648236035 0.3874772054930148 0.08335487149943557 0.04441740217359591
0.0 0.6148532219561679 0.35727984320845907 0.06433347353940633 0.031518083405494265
0.0 0.6731601264371883 0.34842784897951806 0.05193863660456151 0.02808379885988286
0.0 0.6067235193190424 0.2915732713899938 0.06377617510962548 0.03840584791718995
0.0 0.5024271867912831 0.24315509337310334 0.08532776247484941 0.046137711778408794
0.0 0.5744895684838724 0.20404474255730087 0.0593584728027234 0.0320957904324346
0.0 0.5980648873912797 0.12501999971658953 0.06504128637738242 0.03582212318794098
0.0 0.665178834911792 0.2348086289523421 0.051938669734880615 0.028083804308267714
0.0 0.6295360444894101 0.16994293169836522 0.05935843967240455 0.03209578498404979
0.0 0.6451202050929292 0.30809784038226923 0.06860066143811334 0.026636336596107223
