0.0 0.4318654054777259 0.08951030211049485 0.06424158121562903 0.03823685541163128
0.0 0.47823813668706433 0.10700330919123546 0.05940962191381356 0.03203084148277775
0.0 0.43092197382016256 0.202902335583742 0.06119227585098326 0.036556442802458136
0.0 0.4683391126293893 0.2299106067753188 0.05468089081639009 0.02729898190339375
0.0 0.454701491912742 0.2782696686934833 0.05594754175176701 0.024453786163540013
0.0 0.4322538427785064 0.3065060902263482 0.06372557673753851 0.0308660372640575
0.0 0.4961488178366375 0.2042615822686637 0.03364544378223675 0.01995864103974876
0.0 0.5171886464137131 0.2827834723573373 0.02628018310176685 0.019443025619949282
0.0 0.4804841865166461 0.35053399132412466 0.04416315275914782 0.02362880345877012
0.0 0.44343261607328194 0.40275424525876014 0.07307983685572914 0.03885557592287912
0.0 0.44220782388522106 0.4909824104988985 0.06393197892245403 0.03381437014656426
0.0 0.44296723342835165 0.6286981179924517 0.07235743511371569 0.028536495186264065
0.0 0.49425660929778514 0.5895542861765849 0.053001439447976216 0.024247568113006324
0.0 0.5201673458953678 0.33590482896273527 0.027753235237860795 0.019546148703909205
0.0 0.5227989779591231 0.3734959316443107 0.03628191668091851 0.015742385916999214
0.0 0.48564420740749964 0.4242420331963859 0.05046813757722237 0.02993795959271388
0.0 0.5277526116973259 0.4442556537093038 0.03964082335454071 0.021845269732546323
0.0 0.5121916557940617 0.47571341230046027 0.042483728502667885 0.020577377576598898
0.0 0.5078279901499994 0.6671176242603499 0.057626966008246946 0.027505212045711235
0.0 0.5156809834813527 0.694714183805689 0.04837590895091122 0.020989867945529282
0.0 0.4291601867870785 0.8015054265465308 0.07760219632486595 0.04063913973339828
0.0 0.4724651254858248 0.7540322376534203 0.054887295953901474 0.030247356961979843
0.0 0.5156897325191308 0.8428521523380439 0.05762699410437948 0.02750521401262045
0.0 0.5125056376617616 0.5542048532225913 0.04984893299087263 0.021092989062579816
0.0 0.5422659120249043 0.7572933446437573 0.045739405987699655 0.025206092983983373
0.0 0.5338730389634403 0.8171363206180979 0.053104638572036934 0.025721706436873503
0.0 0.5033626355956782 0.5081812834550508 0.05351744294186824 0.03161837220188719
0.0 0.5280943048111684 0.6182945325027693 0.05468089376898586 0.02729902407947309
0.0 0.5159263770212584 0.359903898039561 0.02460072878075712 0.01639156965348265
0.0 0.4471974416146779 0.9217163277557529 0.0959261810660272 0.030186402394122246
