0.0 0.19627807111976725 0.6658445481972267 0.040192402917358414 0.05980782284720387
0.0 0.24231338749834358 0.7052872234406706 0.03297530015293728 0.05496528250034762
0.0 0.29675611976728045 0.6525538944294317 0.0333634848081763 0.057522176909672054
0.0 0.37864068107434307 0.6375080441568138 0.03148578799184536 0.062233103734840436
0.0 0.3549780955455638 0.6783754552522162 0.026308935221025377 0.045210383665514976
0.0 0.4646189622327534 0.6270724048779603 0.03779553828132141 0.07817884868114149
0.0 0.5374900530187172 0.6107789768643901 0.036017453396060176 0.05792504791941333
0.0 0.42758954995065634 0.6693149355605159 0.027053741921811713 0.04157648073239395
0.0 0.43833139322885073 0.7043058027699125 0.019805123466383724 0.027986231933381588
0.0 0.6687324652507645 0.5810471231339353 0.04080612521319695 0.07239089796392584
0.0 0.8352709064715602 0.5289545295864286 0.038571806351318474 0.08329262213153976
0.0 0.7599480549158554 0.6319421937303978 0.02977064805434022 0.059474802047219645
0.0 0.6097240682270438 0.6573619321621941 0.02921996084207157 0.06438716821932147
0.0 0.6339480376571022 0.669379665476033 0.02439972271368731 0.04117360203852734
0.0 0.5900291811519354 0.666237198494869 0.02116360184276811 0.03693539643285719
0.0 0.5736832615491846 0.6837594741486824 0.020581344617696208 0.03310002208416609
0.0 0.5152306382043459 0.7011339618190878 0.02226502318599044 0.027110647388267673
0.0 0.5593618285421977 0.6833176422692749 0.01472277084989999 0.037206653920910604
0.0 0.663773578143591 0.655696796093636 0.018153011209336878 0.042723322765561456
0.0 0.7849325635820834 0.6444984351481979 0.02349237023874231 0.052276806637972316
0.0 0.8027995363470535 0.6280531795443693 0.02517604510548077 0.04628740755756233
0.0 0.8678844981123369 0.6364840538505169 0.022910214254151386 0.0484414476575318
0.0 0.9302210417556406 0.6178660440803277 0.028218100809678504 0.04924718199288876
0.0 0.9568917070973914 0.5968146048973292 0.030158782089338844 0.062031688772418735
0.0 0.7044405016105386 0.6508314815310893 0.02174575412580353 0.040770731028786145
0.0 0.725396832627893 0.650266151920462 0.02915697637874235 0.04689173461462319
0.0 0.8452969065531641 0.6039453224361954 0.026083401281981722 0.03518422734262909
0.0 0.49150759879048406 0.6968876532812731 0.020387326369659585 0.03182157421343605
0.0 0.45401380988034823 0.6868842589818216 0.016406348177713248 0.03121726385676151
