0.0 0.903835002651961 0.8739027862144043 0.05772699004336381 0.09594910622759265
0.0 0.8465193818296578 0.8324742811674722 0.06464205201364699 0.1180395755541845
0.0 0.8046026416203853 0.8296009589493145 0.04874047471134766 0.08689956289171138
0.0 0.7766530742036997 0.8196588118906517 0.03969304463439638 0.0829209978144064
0.0 0.7250034816415688 0.8191445818915041 0.034666663320652005 0.06300262710304913
0.0 0.7019889184825028 0.7805936733113815 0.05669127948608006 0.10246955712259567
0.0 0.6669414747914797 0.8199013086243679 0.027111902346662296 0.054314384656219517
0.0 0.7552986373651391 0.8710891757453266 0.03622023845304971 0.053221936937381996
0.0 0.6318788929924156 0.7898665232750693 0.04587696599529441 0.08617696111360847
0.0 0.5976387550128361 0.792782537936885 0.0383222050213047 0.07748871866677884
0.0 0.5638251374356066 0.7457282857202754 0.06750554707547866 0.11876217388666692
0.0 0.525015590342182 0.7667519010135903 0.04484123684506649 0.09269743965493671
0.0 0.4615312706266879 0.7045060144665677 0.05708725007699291 0.10935132277049302
0.0 0.4134915076778697 0.7077918198171471 0.032717062980455666 0.06590153783833638
0.0 0.38927364090800404 0.7132369199879196 0.045084933010694786 0.07241347132798195
0.0 0.3493064761998463 0.7147077103791253 0.0355805716965087 0.06662413961643958
0.0 0.31709217939693535 0.6613157663286338 0.05376685108636936 0.10681796469501456
0.0 0.28228846286651343 0.6785351031155157 0.035580571696508745 0.0666241396164395
0.0 0.23234479989900572 0.6591906413376301 0.0445061400364243 0.0807446854116014
0.0 0.16439770037130325 0.6025598206456815 0.05629526299378025 0.09558781222978237
0.0 0.9688729442825192 0.9028344844974481 0.03969304396261801 0.08292102998310877
