0.0 0.078125 0.609375 0.03437495231628418 0.10312497615814209
0.0 0.22499999403953552 0.706250011920929 0.043749988079071045 0.125
0.0 0.34375 0.6156249940395355 0.03750002384185791 0.08750003576278687
0.0 0.45625001192092896 0.5875000059604645 0.03750002384185791 0.08125001192092896
0.0 0.565625011920929 0.5492187440395355 0.03125 0.08281248807907104
0.0 0.637499988079071 0.5374999940395355 0.03750002384185791 0.07187503576278687
0.0 0.7523437440395355 0.5093750059604645 0.026562511920928955 0.06562501192092896
0.0 0.871874988079071 0.49921874701976776 0.02499997615814209 0.07343748211860657
0.0 0.9281249940395355 0.4749999940395355 0.028124988079071045 0.07499998807907104
0.0 0.2671875059604645 0.5656249821186066 0.021874964237213135 0.08125001192092896
0.0 0.42500001192092896 0.546875 0.02187502384185791 0.0625
0.0 0.3125 0.5929687321186066 0.02812504768371582 0.08281248807907104
0.0 0.20625001192092896 0.5750000178813934 0.02499997615814209 0.050000011920928955
0.0 0.23749998211860657 0.512499988079071 0.028124988079071045 0.0625
0.0 0.11093750596046448 0.557812511920929 0.025000035762786865 0.05624997615814209
0.0 0.3148437440395355 0.5023437440395355 0.020312488079071045 0.051562488079071045
0.0 0.762499988079071 0.44921875 0.02499997615814209 0.04843747615814209
0.0 0.6578125059604645 0.4750000089406967 0.028124988079071045 0.05625000596046448
0.0 0.5 0.5 0.03437495231628418 0.078125
0.0 0.40625 0.5093750059604645 0.02812504768371582 0.050000011920928955
0.0 0.37812501192092896 0.49687500298023224 0.02499997615814209 0.05937501788139343
0.0 0.44609376788139343 0.47734373807907104 0.026562511920928955 0.04843747615814209
0.0 0.604687511920929 0.4437499940395355 0.02187502384185791 0.050000011920928955
0.0 0.676562488079071 0.4437499940395355 0.02499997615814209 0.050000011920928955
