0.0 0.024999999266583472 0.3031249940395355 0.046874998486600816 0.09999996423721313
0.0 0.07656249962747097 0.40937498211860657 0.03437500074505806 0.07499998807907104
0.0 0.15625 0.3734374940395355 0.028124988079071045 0.06562501192092896
0.0 0.18124999850988388 0.29374998807907104 0.04999999701976776 0.08749997615814209
0.0 0.19374999403953552 0.45000001788139343 0.03125 0.06562501192092896
0.0 0.24062500894069672 0.45703125 0.025000005960464478 0.05156254768371582
0.0 0.22812499850988388 0.3812500238418579 0.02812500298023224 0.0625
0.0 0.2554687559604645 0.3375000059604645 0.026562511920928955 0.08125001192092896
0.0 0.3179687559604645 0.359375 0.026562511920928955 0.05937504768371582
0.0 0.33671875298023224 0.44453126192092896 0.029687494039535522 0.06093752384185791
0.0 0.34375 0.27656251192092896 0.034375011920928955 0.09375
0.0 0.40937499701976776 0.3656250238418579 0.028125017881393433 0.0625
0.0 0.4585937410593033 0.36249998211860657 0.03281250596046448 0.08125001192092896
0.0 0.38671875 0.4312500059604645 0.0234375 0.050000011920928955
0.0 0.4375 0.43828123807907104 0.02187502384185791 0.0546875
0.0 0.49687498807907104 0.2718750238418579 0.03125 0.09375
0.0 0.5171875059604645 0.3890624940395355 0.028124988079071045 0.06562501192092896
0.0 0.5492187440395355 0.421875 0.026562511920928955 0.06562495231628418
0.0 0.5804687738418579 0.3531249761581421 0.0234375 0.078125
0.0 0.612500011920929 0.3531250059604645 0.02499997615814209 0.059374988079071045
0.0 0.6375000178813934 0.4203125238418579 0.028124988079071045 0.046875
0.0 0.6765625178813934 0.3499999940395355 0.028124988079071045 0.07499998807907104
0.0 0.7125000059604645 0.39374998211860657 0.021874964237213135 0.07499998807907104
0.0 0.7703125178813934 0.33906251192092896 0.028124988079071045 0.08749997615814209
0.0 0.8671875 0.3999999761581421 0.02499997615814209 0.0625
0.0 0.893750011920929 0.2945312559604645 0.03750002384185791 0.07343751192092896
0.0 0.7429687678813934 0.40937498211860657 0.020312488079071045 0.06562501192092896
0.0 0.9640624821186066 0.359375 0.034375011920928955 0.0625
0.0 0.612500011920929 0.25312501192092896 0.03750002384185791 0.09375
0.0 0.7999999821186066 0.22578126192092896 0.034375011920928955 0.1015625
0.0 0.987500011920929 0.17343750596046448 0.02499997615814209 0.09999996423721313
