0.0 0.12734374776482582 0.5625 0.03281249850988388 0.08749997615814209
0.0 0.24687499552965164 0.5773437321186066 0.03437499701976776 0.08281248807907104
0.0 0.3531249910593033 0.586718738079071 0.025000005960464478 0.07968747615814209
0.0 0.1367187537252903 0.4781250059604645 0.026562504470348358 0.059374988079071045
0.0 0.23906249552965164 0.48046875 0.01874999701976776 0.04843747615814209
0.0 0.26484374701976776 0.4898437559604645 0.026562482118606567 0.042187511920928955
0.0 0.31171876192092896 0.45234374701976776 0.0234375 0.04843750596046448
0.0 0.35625000298023224 0.4375 0.025000005960464478 0.03750002384185791
0.0 0.32500000298023224 0.5218749940395355 0.025000005960464478 0.059374988079071045
0.0 0.37421874701976776 0.5000000149011612 0.017187505960464478 0.05937501788139343
0.0 0.4000000059604645 0.44609375298023224 0.018750011920928955 0.04531249403953552
0.0 0.4546875059604645 0.5812499821186066 0.034375011920928955 0.09062498807907104
0.0 0.46562500298023224 0.45000000298023224 0.018749982118606567 0.03749999403953552
0.0 0.54296875 0.5968749821186066 0.02968752384185791 0.07499998807907104
0.0 0.4999999850988388 0.48359374701976776 0.018749982118606567 0.04843750596046448
0.0 0.4312500059604645 0.45624999701976776 0.015625 0.04375001788139343
0.0 0.5250000059604645 0.4625000059604645 0.018750011920928955 0.043749988079071045
0.0 0.54296875 0.4999999850988388 0.01718747615814209 0.06562498211860657
0.0 0.668749988079071 0.6156249940395355 0.02499997615814209 0.08750003576278687
0.0 0.828125 0.659375011920929 0.02812504768371582 0.08437502384185791
0.0 0.7523437738418579 0.5492187440395355 0.0234375 0.057812511920928955
0.0 0.953125 0.659375011920929 0.03125 0.109375
0.0 0.8312499821186066 0.5249999910593033 0.028124988079071045 0.06874999403953552
0.0 0.675000011920929 0.515625 0.02187502384185791 0.0625
0.0 0.6187500059604645 0.5250000059604645 0.018750011920928955 0.056250035762786865
0.0 0.5718750059604645 0.4937499910593033 0.025000035762786865 0.06249997019767761
0.0 0.592968761920929 0.47187501192092896 0.01406252384185791 0.046875
0.0 0.7367187440395355 0.47187499701976776 0.026562511920928955 0.04375001788139343
0.0 0.7960937321186066 0.49687501788139343 0.020312488079071045 0.050000011920928955
0.0 0.6265625059604645 0.47187499701976776 0.021874964237213135 0.04375001788139343
