0.0 0.968724502716763 0.401671563866379 0.062201219116065506 0.11646349452266991
0.0 0.8404121698428852 0.4458743987016458 0.06175849713477568 0.106660785184578
0.0 0.7674438421324288 0.3648721598104193 0.060450558907373164 0.10800848089976944
0.0 0.7275371181989583 0.47277281987353614 0.06743285220598416 0.11107271772308254
0.0 0.6349650878562768 0.5183928965228798 0.06603231869643941 0.10430868102210837
0.0 0.5455238970174356 0.5457297182783531 0.06551736900388114 0.11715015369609132
0.0 0.6548263103157408 0.38466330187595277 0.04254199983868094 0.07516731601863764
0.0 0.6288794585866427 0.41384296780932966 0.03773273451565569 0.05960495223471103
0.0 0.5936383777312493 0.4440653557291041 0.0384330645193927 0.06298698368126746
0.0 0.5349328764638124 0.42359590791337176 0.039740876248865666 0.06163926177393715
0.0 0.506448055165376 0.36953489387907545 0.03642486621545667 0.06095269329928925
0.0 0.4632104330375686 0.382014493257173 0.03668241098893921 0.054532002311684556
0.0 0.47180904989209543 0.45694633932710466 0.0393185784091755 0.08259244770683791
0.0 0.4349460429120301 0.4751600289648416 0.047608676759020786 0.08430893036950327
0.0 0.45840485741619846 0.5884572148344098 0.06105824373648065 0.10327883134072557
0.0 0.3392681966917941 0.6519221649512884 0.058885195726178986 0.11577686154138726
0.0 0.32009433562047845 0.4090022787378693 0.037032474439122075 0.056222966137541255
0.0 0.325551967488449 0.48546622054476396 0.0506672751951152 0.0914162482772122
0.0 0.24750580604022035 0.5219063753653008 0.042026966862441825 0.08800867883659924
0.0 0.2686230449101355 0.4443486996036741 0.03651744814112172 0.0690643612088202
0.0 0.3536459004273385 0.47083170869769 0.038618311654403215 0.07921042935635088
0.0 0.21517970137597314 0.46599544526551534 0.03415924295772874 0.06533908784373725
0.0 0.18376969181559072 0.4813165870632828 0.03294389333423022 0.07479848372177696
0.0 0.16630845755199367 0.5431275121152807 0.05015231214607931 0.10425765644456061
0.0 0.054752451060414195 0.4427808816478809 0.0374752596693765 0.06602568857170255
0.0 0.2067950383061591 0.7428375031497116 0.06806087121477175 0.13709882132569257
0.0 0.04156315711586267 0.784103692315119 0.054539139775007905 0.14077311546261456
0.0 0.08347901251013548 0.5355888302276679 0.04123405493303998 0.0765149794805117
0.0 0.06835014155494215 0.6295415922677454 0.04438525532951547 0.09173406205770371
0.0 0.42340742624007116 0.3735026964712371 0.031100637843395694 0.05823173768271097
0.0 0.40299601839096316 0.39183699861734833 0.03651751139008619 0.06906437430488963
