0.0 0.021874994039535522 0.45624999701976776 0.037499964237213135 0.09999999403953552
0.0 0.1460937261581421 0.44062498211860657 0.0390625 0.09062498807907104
0.0 0.19687500596046448 0.5257812589406967 0.037499964237213135 0.09218749403953552
0.0 0.25312498211860657 0.4375 0.043749988079071045 0.09375
0.0 0.3453125059604645 0.4140625 0.043749988079071045 0.08749997615814209
0.0 0.4312500059604645 0.40625 0.040625035762786865 0.10000002384185791
0.0 0.3023437559604645 0.5289062410593033 0.026562511920928955 0.06406250596046448
0.0 0.33125001192092896 0.5078125149011612 0.02499997615814209 0.04999998211860657
0.0 0.3687500059604645 0.48749999701976776 0.025000035762786865 0.05312499403953552
0.0 0.41796875 0.5164062678813934 0.02656245231628418 0.051562488079071045
0.0 0.43359375 0.5695312470197678 0.0234375 0.05156251788139343
0.0 0.4749999940395355 0.56640625 0.025000035762786865 0.04531252384185791
0.0 0.48124998807907104 0.4984374940395355 0.02187502384185791 0.07187503576278687
0.0 0.5179687440395355 0.48906250298023224 0.029687464237213135 0.07187500596046448
0.0 0.5179687738418579 0.3843750059604645 0.0390625 0.08750003576278687
0.0 0.6375000178813934 0.3499999940395355 0.034375011920928955 0.09999996423721313
0.0 0.609375 0.5687499940395355 0.02499997615814209 0.046875
0.0 0.6187499761581421 0.5 0.03125 0.078125
0.0 0.696093738079071 0.4820312559604645 0.0234375 0.07656246423721313
0.0 0.6624999940395355 0.546875 0.021874964237213135 0.059374988079071045
0.0 0.590624988079071 0.5078125 0.02187502384185791 0.06875002384185791
0.0 0.71484375 0.5375000089406967 0.02031254768371582 0.05625000596046448
0.0 0.74609375 0.5296874940395355 0.01718747615814209 0.06562501192092896
0.0 0.7734375 0.4781250059604645 0.02812504768371582 0.09062498807907104
0.0 0.85546875 0.5874999910593033 0.0234375 0.05625000596046448
0.0 0.774218738079071 0.29374998807907104 0.0390625 0.11874997615814209
0.0 0.9312500059604645 0.2875000238418579 0.025000035762786865 0.125
0.0 0.846875011920929 0.5000000149011612 0.02499997615814209 0.06562498211860657
0.0 0.940625011920929 0.5289062559604645 0.02499997615814209 0.06718748807907104
0.0 0.987500011920929 0.484375 0.02187502384185791 0.08749997615814209
0.0 0.878125011920929 0.4195312559604645 0.02499997615814209 0.07968753576278687
0.0 0.5093750059604645 0.5812499970197678 0.018750011920928955 0.04999998211860657
0.0 0.53125 0.5687499940395355 0.02187502384185791 0.059374988079071045
