0.0 0.9362116651846174 0.5402077277077785 0.035368136562893324 0.08490674826241244
0.0 0.7772231729186514 0.47793938564802485 0.03354123707618299 0.0633853054402973
0.0 0.7365465645355088 0.4943566090482164 0.034454688271428856 0.07414604395507726
0.0 0.6432403837566851 0.5207572946663307 0.027058985912261236 0.0699571985921926
0.0 0.5844059863665885 0.5302140281495509 0.02741751423717682 0.09491507251710765
0.0 0.5345067379681281 0.5711376775163706 0.03805444652339087 0.0958180141225787
0.0 0.40591853467229716 0.613510343380949 0.045906943559608226 0.10538725158730208
0.0 0.24923271480496262 0.7239466029041614 0.04134965244814097 0.11390305430861244
0.0 0.06532866877428374 0.7869129450264193 0.06025172715582672 0.17070413114351127
0.0 0.027356374438476938 0.5190551045065916 0.05107313644289073 0.10404529160674843
0.0 0.12263166746533213 0.532561916639228 0.035368207094210825 0.08490678821058335
0.0 0.24990377431108354 0.48465839124968113 0.04261167000732189 0.08730220566054206
0.0 0.3216537142774692 0.4808139886390451 0.03475917297110458 0.07773296819581885
0.0 0.4990704576324186 0.44168307538941615 0.04331876469617253 0.07489849242260682
0.0 0.4636141519334439 0.438673281519298 0.02285026116472908 0.04111141415065269
0.0 0.5835836683671591 0.4452444115902051 0.031105368190121396 0.034690014136699074
0.0 0.7328857647570616 0.4217907057268059 0.038250770537488245 0.05666296483935769
0.0 0.6385950278542222 0.42823764246954477 0.029082212316850153 0.05232362633853134
0.0 0.5571216377068551 0.4204184020377374 0.03308458055798687 0.05800495902735596
0.0 0.6194526150957161 0.40132339793647204 0.028168758217822987 0.041562853616306586
0.0 0.4125560642290001 0.44066140789416003 0.030756801826186387 0.07205160129954943
0.0 0.35423745230791515 0.3914546177095929 0.02584105001733983 0.055609535836671053
0.0 0.24568805166230603 0.3975943662422522 0.030702758200946523 0.05068065161537598
0.0 0.5400074675990867 0.38012847237829944 0.03024603405521411 0.045300299461708396
0.0 0.510832109521337 0.37674865907897603 0.020925230580956987 0.03916746463306646
0.0 0.48315217968366075 0.3662702809449483 0.02077298823111908 0.03737400251269567
0.0 0.4663104209511405 0.3648406277084969 0.022850261164729168 0.04111141415065265
0.0 0.4153284867834932 0.365932042997259 0.012768248845063912 0.02601130292760163
0.0 0.3227294359591788 0.4050374024143803 0.028473242917498708 0.04514977785704817
0.0 0.16995280185453226 0.4589045980290554 0.043873687566502804 0.06070135701247174
0.0 0.15765625536233002 0.3828960501891961 0.03131172469651653 0.05785446588941427
0.0 0.061843134582442796 0.4072775425911166 0.03460699534502161 0.07593947760872952
0.0 0.005683478873590564 0.44923598083213234 0.011366957747181128 0.07803394873097584
0.0 0.2724816226486739 0.40799748644431305 0.017227344135714518 0.03707302197753863
