0.0 0.9951982063541503 0.4154384765773038 0.009603587291699434 0.11697610673471685
0.0 0.8503723032058582 0.39864723709276484 0.053285262830692307 0.09193927131126367
0.0 0.6487523441647147 0.41322783515912265 0.06358137084632842 0.09425804294137574
0.0 0.4893824511583659 0.40433060082739836 0.06208298009003492 0.08037156566989605
0.0 0.37886480385738175 0.4026860855257722 0.07291323437239186 0.09229497624852571
0.0 0.2551529876670015 0.3875723984763121 0.05993675476281339 0.08530787978644869
0.0 0.13315976283487083 0.3848431690908378 0.06519367081373653 0.07971724299690841
0.0 0.015909135542518306 0.4384171605074765 0.03181827108503661 0.06636660817781478
0.0 0.019439895614110726 0.36589336183581234 0.03887979122822145 0.07546615676090615
0.0 0.1650226016218827 0.4355096510656171 0.04481900700923214 0.061579719193751624
0.0 0.11483782472541906 0.46619859511940015 0.04010119440824864 0.05509761668463682
0.0 0.8709797445950169 0.47527279214969437 0.048142255990884134 0.06910263088485688
0.0 0.9741119810669481 0.5457389198725137 0.04974945559109045 0.07623912525606551
0.0 0.8913771513102299 0.5728465382246728 0.04299420198306585 0.0679432450698009
0.0 0.7833171125557651 0.5282647993718284 0.04095677323789122 0.06612952183936675
0.0 0.7294206072490151 0.5033795726051213 0.05221719120415802 0.07273014653483142
0.0 0.6210466678221808 0.496219159172846 0.0431030230888453 0.0611933166162455
0.0 0.5238813698461822 0.495332223841932 0.05382437854249824 0.07986658645932439
0.0 0.406333837313665 0.4688594850436387 0.05082257438563431 0.07377099542114714
0.0 0.31603006594373295 0.45752037943127133 0.04374588821468821 0.06404784902867008
0.0 0.23457846124749543 0.46692083816777624 0.039567203587376906 0.04549311611433167
0.0 0.4859706781205634 0.49954165562801656 0.0404226392330365 0.05652493733756492
0.0 0.6871730259367627 0.5388554379760975 0.04471019816531907 0.06832970209402286
0.0 0.5893078959674976 0.5250635933146819 0.03216403768549973 0.05601995812699316
0.0 0.4462402285367878 0.5198377596826271 0.028949650746953014 0.041747023831291405
0.0 0.34564281647056583 0.5181778399834518 0.04374589434562139 0.06404787625202797
0.0 0.30252966018423927 0.5174664647034807 0.03645658445566684 0.046147480753067606
0.0 0.7478298647500758 0.58175958979931 0.040313830389123416 0.0632749202378358
0.0 0.6464731803728843 0.5394373887067606 0.04546188439694152 0.06443430605289198
0.0 0.4192141116616246 0.5197499549886839 0.03431034073564589 0.05108371319954674
0.0 0.21092241476205995 0.4278505288748313 0.03602127748802331 0.0731473703884035
