0.0 0.03749999403953552 0.20937499403953552 0.040625035762786865 0.09062498807907104
0.0 0.11484372615814209 0.2343749925494194 0.0390625 0.08749999105930328
0.0 0.16249999403953552 0.2554687559604645 0.037499964237213135 0.1015625
0.0 0.203125 0.26249999552965164 0.02812504768371582 0.0781249850988388
0.0 0.24062499403953552 0.2671875059604645 0.034375011920928955 0.09687501192092896
0.0 0.29374998807907104 0.2710937485098839 0.02187502384185791 0.07968749105930328
0.0 0.34375 0.2874999940395355 0.04062497615814209 0.10624998807907104
0.0 0.390625 0.2906249910593033 0.02499997615814209 0.06874999403953552
0.0 0.44609373807907104 0.27031249552965164 0.02968752384185791 0.0781249850988388
0.0 0.4156250059604645 0.25859375298023224 0.021874964237213135 0.06718751788139343
0.0 0.4937500059604645 0.29609374701976776 0.037499964237213135 0.10781249403953552
0.0 0.557812511920929 0.27421874552965164 0.03125 0.0859374850988388
0.0 0.6117187440395355 0.31562499701976776 0.035937488079071045 0.08437499403953552
0.0 0.649218738079071 0.2992187589406967 0.0234375 0.07656249403953552
0.0 0.6742187440395355 0.28046874701976776 0.017187535762786865 0.07656249403953552
0.0 0.7234375178813934 0.30000001192092896 0.028124988079071045 0.078125
0.0 0.7679687738418579 0.32500000298023224 0.0390625 0.09687498211860657
0.0 0.800000011920929 0.29375000298023224 0.015625 0.06562498211860657
0.0 0.8304687738418579 0.34375 0.0234375 0.07187497615814209
0.0 0.8687500059604645 0.31171874701976776 0.025000035762786865 0.07343748211860657
0.0 0.8984375 0.3140624910593033 0.02812504768371582 0.07187500596046448
0.0 0.9390624761581421 0.35546875 0.03125 0.09218752384185791
