0.0 0.8373680076243009 0.37290442090661075 0.042066966775849576 0.06965234585342923
0.0 0.8104132959728776 0.3296262776689206 0.03592735221780359 0.0641164993351934
0.0 0.7372690815043677 0.40026915821730513 0.04019045458326378 0.06635821278927909
0.0 0.7041113694182888 0.36835101351733246 0.031117742259149317 0.05881855162076706
0.0 0.6646970233980901 0.3935359358992305 0.028731202818628353 0.05987098030428495
0.0 0.6452680298022896 0.4230315519382611 0.03541737570222212 0.0684630701563151
0.0 0.7199239466771646 0.3339826459990092 0.021971714118040532 0.03647323492206298
0.0 0.6452386536593172 0.33078140275514906 0.02060522917339025 0.02883254011024472
0.0 0.5943748257984562 0.3840347948587647 0.026544750948321826 0.047645883234711306
0.0 0.5573384806909412 0.43402666857146494 0.043706799162454416 0.07882113222203335
0.0 0.47957489259858727 0.45581972138349924 0.03807722227814381 0.06893878224985146
0.0 0.3575323157960194 0.48710903844046427 0.03439741224525918 0.07715615350483614
0.0 0.37947467653081457 0.4256235962406352 0.028184588547826774 0.05681469875017635
0.0 0.5974982464236661 0.3401082590702442 0.02087848557643728 0.030360671813845518
0.0 0.5635853394881879 0.3461735487374057 0.01852862941059046 0.03881593279918625
0.0 0.5278788923024569 0.3959275709400644 0.032957616696514605 0.054709832309686936
0.0 0.49974924996166037 0.35759059815173844 0.024394886100881676 0.042823629466914245
0.0 0.4757656119052694 0.3808042577261463 0.02361160244989948 0.04564205951098153
0.0 0.30748583987148204 0.4298251862618482 0.03166430058469718 0.061874794954561184
0.0 0.2811241755362306 0.4282318990421805 0.024704825778602668 0.051754593472337886
0.0 0.2080446570454467 0.5414426116787282 0.04585666922279454 0.08364341513669124
0.0 0.239333062605934 0.48617071247342736 0.03377758883507091 0.05929426371430342
0.0 0.15004547082596478 0.46271435924028115 0.03166430579759723 0.06187482410142229
0.0 0.4062365264322943 0.3987590418736958 0.02497812770110346 0.0532827051025313
0.0 0.21917313673012578 0.4156565742991877 0.02814795600550659 0.04941187552180706
0.0 0.168299510972665 0.4381599327607721 0.029514486469610725 0.05705255026021785
0.0 0.4492221684516139 0.3973791398505778 0.034834179621454096 0.05800397444729057
0.0 0.3456703116017269 0.397763674103497 0.031117742259149227 0.05881855162076706
0.0 0.5773127986097039 0.3500264716329847 0.01767207546206766 0.026828687239653926
0.0 0.09721486473073389 0.5510138635955307 0.038770260040618745 0.10160630942366913
