0.0 0.1196004397363408 0.45680052260074894 0.04163446012295728 0.057499621875603424
0.0 0.19682386036080923 0.4818042201575746 0.02933518372817572 0.04885619308826179
0.0 0.1649696188158814 0.39920383981325036 0.03571486689520091 0.06621399371258083
0.0 0.2552968808552802 0.45288701222839933 0.032304054440464025 0.05426501697244266
0.0 0.27527563247270886 0.5152658973672275 0.0259243604884817 0.03690724045403311
0.0 0.3188782401145553 0.4801265564189327 0.024104545719782024 0.0485027399922167
0.0 0.2918217986792058 0.4004869670945209 0.03675736590137504 0.06237824074575884
0.0 0.3373259526043388 0.4420880235733361 0.027250205599874455 0.0565276258614789
0.0 0.41574927621990365 0.3973687280843451 0.03301117032747154 0.06472921248745722
0.0 0.37087531170501153 0.472013927562819 0.021224050885158753 0.04440194583652897
0.0 0.3137371939888787 0.5304058800270942 0.019297693335736766 0.035157394776832974
0.0 0.44166577549732117 0.46985835437809476 0.02122407414094063 0.044401922573318056
0.0 0.37894345559387865 0.5233716634449558 0.026966862866390783 0.03307153738442725
0.0 0.41982541829879183 0.5160101226286129 0.017901639249736333 0.03376100051028086
0.0 0.4671118862218229 0.4576268800658509 0.024369684137734104 0.052426805071785765
0.0 0.45496455739458214 0.5208626371641862 0.02452833134413055 0.03551084787287824
0.0 0.5327056245867062 0.39800654913883443 0.03274600696786996 0.06080514572249074
0.0 0.5195872316749747 0.49547187226650785 0.01887390771138815 0.04814928689617144
0.0 0.5757100919753055 0.47065548302027904 0.024458072486223958 0.05373483564297743
0.0 0.6231109630471893 0.39452554058229233 0.03274600696786987 0.0608051457224907
0.0 0.640660279064711 0.46955156006487614 0.022708491633781504 0.04710634572566441
0.0 0.6429674324413979 0.5134146047242185 0.02078208420106069 0.03786179129517393
0.0 0.7002914156985172 0.46749307379402827 0.029158407031196366 0.04624013194587882
0.0 0.7537093509552418 0.39292751647779667 0.03414203442635335 0.06220151335503763
0.0 0.7817901519641589 0.44884591460746937 0.023750969070041084 0.043270640970661314
0.0 0.8502928104042183 0.47115392238734727 0.0266314639046648 0.047371435126349226
0.0 0.7454952884629862 0.5143704094566819 0.020782085886928137 0.03786181624378191
0.0 0.807025587567406 0.4918166140970895 0.02375096738417355 0.04327061602205333
0.0 0.6817904185046142 0.4950232060137192 0.0177430419266388 0.050676961079983054
