0.0 0.049999999813735485 0.59375 0.04062500037252903 0.08437502384185791
0.0 0.17656249552965164 0.6937499940395355 0.03437499701976776 0.11875003576278687
0.0 0.28125 0.6312500238418579 0.034375011920928955 0.078125
0.0 0.37421874701976776 0.6242187321186066 0.026562482118606567 0.07343751192092896
0.0 0.46484375 0.6031249761581421 0.02968752384185791 0.0625
0.0 0.524218738079071 0.5999999940395355 0.02968752384185791 0.056250035762786865
0.0 0.6085937321186066 0.5984375178813934 0.026562511920928955 0.059374988079071045
0.0 0.7062499821186066 0.5968749821186066 0.028124988079071045 0.059374988079071045
0.0 0.7562500238418579 0.5890624821186066 0.015625 0.059374988079071045
0.0 0.24921875447034836 0.596875011920929 0.023437514901161194 0.06875002384185791
0.0 0.1875 0.5328124761581421 0.028124988079071045 0.0625
0.0 0.2109375 0.590624988079071 0.018750011920928955 0.05624997615814209
0.0 0.2593749985098839 0.53125 0.024999991059303284 0.04375004768371582
0.0 0.31562501192092896 0.534375011920929 0.015625 0.046875
0.0 0.629687488079071 0.5437500178813934 0.02499997615814209 0.050000011920928955
0.0 0.5335937738418579 0.542187511920929 0.0234375 0.046875
0.0 0.5648437440395355 0.528124988079071 0.017187535762786865 0.03750002384185791
0.0 0.48906250298023224 0.5492187440395355 0.012500017881393433 0.042187511920928955
0.0 0.4781249910593033 0.5578124821186066 0.009375005960464478 0.043749988079071045
0.0 0.3968749940395355 0.543749988079071 0.015625 0.05624997615814209
0.0 0.37187498807907104 0.5359375178813934 0.015625 0.043749988079071045
0.0 0.07656249776482582 0.546875 0.02187500149011612 0.05624997615814209
0.0 0.4273437559604645 0.5499999821186066 0.0234375 0.06562501192092896
0.0 0.3375000059604645 0.5492187440395355 0.018750011920928955 0.048437535762786865
0.0 0.508593738079071 0.5179687440395355 0.01718747615814209 0.042187511920928955
0.0 0.5718750059604645 0.574999988079071 0.018750011920928955 0.046875
0.0 0.3500000089406967 0.5906250178813934 0.021874994039535522 0.06562501192092896
