0.0 0.9273063063228844 0.7715881213898955 0.0736243964596353 0.11042177717863408
0.0 0.9002058906917657 0.6538007367233807 0.054406549862236274 0.08261003236371893
0.0 0.8084508836472297 0.6679903600196243 0.045576366451652105 0.07176801437571356
0.0 0.7626174395817165 0.7395159683622028 0.07375664234034751 0.09899172568038228
0.0 0.7885645086766315 0.5830230989025076 0.048823371234250956 0.07259327489475265
0.0 0.7416108086467742 0.5637503991904949 0.03882513186729693 0.057155516302201545
0.0 0.735715400197985 0.6413494605036828 0.04479759559721348 0.06870415208584353
0.0 0.6964017870482204 0.6770220263676965 0.04784633188403191 0.08667454268251946
0.0 0.6369116406474978 0.6390697259473235 0.04239539913675898 0.06522773371530155
0.0 0.6386490733974979 0.5506285803377002 0.046031812886581494 0.0675849040306872
0.0 0.5894877438908612 0.7134528364901707 0.05907872660770756 0.10099303747907876
0.0 0.5434927441492068 0.6088028006281453 0.0447975955972133 0.06870415208584353
0.0 0.4915728973507646 0.5988686185904595 0.05434046531452195 0.0883250952022685
0.0 0.583386689973377 0.5504455114071019 0.03681220565613632 0.05521091780832314
0.0 0.5323741410663019 0.530141212435037 0.03635675922120711 0.059394028153349335
0.0 0.4292140382139502 0.6776101977692182 0.05583172182510898 0.10016777696003967
0.0 0.4373096322436255 0.5573521397361688 0.04557630451900589 0.07176799863487808
0.0 0.4122037517343656 0.5167228216004954 0.04395278727506931 0.07135530993734615
0.0 0.362601640611999 0.5758744729397159 0.043820556246994435 0.08278541987361017
0.0 0.32931935355551084 0.5674153974738754 0.04077181996017596 0.06481502927693432
0.0 0.3200850951405106 0.4949407439539367 0.040904065840888085 0.053384977778682605
0.0 0.2619760247017816 0.5535611436588236 0.04791241643174624 0.08095947984396953
0.0 0.23553679265526356 0.5011768296499071 0.04141828300125625 0.0793089273242206
0.0 0.16183892846667366 0.5395263547912089 0.051027237266279 0.09321480760209591
0.0 0.07636501999436682 0.4541981483154084 0.04155052888196843 0.06787887582596897
0.0 0.025557931078164266 0.5505877210720576 0.05111586215632853 0.08190341456808214
0.0 0.20777153032008142 0.47781123935543146 0.03745866869721668 0.06970481585560942
0.0 0.30440076460029253 0.6654581071959036 0.062325855255599014 0.10181832947978889
0.0 0.10276385877010367 0.6427502834014055 0.0610255534185167 0.10865264037349479
