0.0 0.04374999925494194 0.421875 0.02499999850988388 0.07187497615814209
0.0 0.1875 0.37968750298023224 0.025000005960464478 0.05312499403953552
0.0 0.22187499701976776 0.3968749940395355 0.025000005960464478 0.0625
0.0 0.30156250298023224 0.42656250298023224 0.018749982118606567 0.05937501788139343
0.0 0.35234375298023224 0.4390625059604645 0.017187505960464478 0.08125001192092896
0.0 0.3929687440395355 0.4781250059604645 0.026562511920928955 0.08125001192092896
0.0 0.5023437589406967 0.5242187678813934 0.03281250596046448 0.08906251192092896
0.0 0.6312499940395355 0.6312499940395355 0.028124988079071045 0.09687501192092896
0.0 0.7874999940395355 0.69921875 0.040625035762786865 0.14531254768371582
0.0 0.840624988079071 0.4703125059604645 0.03750002384185791 0.08750003576278687
0.0 0.7562499940395355 0.4750000089406967 0.025000035762786865 0.07187500596046448
0.0 0.6484375 0.4242187440395355 0.03125 0.07343751192092896
0.0 0.5859375 0.4156250059604645 0.02499997615814209 0.06562501192092896
0.0 0.43359375 0.3687500059604645 0.03281247615814209 0.0625
0.0 0.46484375 0.3687500059604645 0.01718747615814209 0.034375011920928955
0.0 0.359375 0.3656249940395355 0.02499997615814209 0.028124988079071045
0.0 0.23046875 0.3343749940395355 0.029687494039535522 0.046875
0.0 0.3125 0.34687499701976776 0.02187502384185791 0.04375001788139343
0.0 0.3843749910593033 0.3460937589406967 0.025000005960464478 0.04843750596046448
0.0 0.33124999701976776 0.32500000298023224 0.021874994039535522 0.03437498211860657
0.0 0.5093749910593033 0.37421874701976776 0.021874994039535522 0.06093749403953552
0.0 0.5640625059604645 0.3359375 0.018750011920928955 0.046875
0.0 0.6585937738418579 0.3492187559604645 0.0234375 0.042187511920928955
0.0 0.40234375 0.3125 0.0234375 0.03750002384185791
0.0 0.4281249940395355 0.31171874701976776 0.015625 0.03281250596046448
0.0 0.453125 0.3046875 0.015625 0.03125
0.0 0.46796874701976776 0.3046875 0.017187505960464478 0.034375011920928955
0.0 0.512499988079071 0.30937500298023224 0.00937497615814209 0.021874994039535522
0.0 0.590624988079071 0.3500000089406967 0.02187502384185791 0.03749999403953552
0.0 0.7203125059604645 0.4078125059604645 0.034375011920928955 0.050000011920928955
0.0 0.7367187738418579 0.34296874701976776 0.0234375 0.04843750596046448
0.0 0.8187499940395355 0.37109375 0.025000035762786865 0.06406247615814209
0.0 0.8765625059604645 0.4124999940395355 0.028124988079071045 0.06562501192092896
0.0 0.6343750059604645 0.35624998807907104 0.012499988079071045 0.03125
