0.0 0.8560406451105542 0.5564067568001819 0.04466090617426808 0.07777712770720316
0.0 0.8430169266938808 0.4829244454924263 0.03304166458003053 0.053010738039925176
0.0 0.8079180953471194 0.5174563414723716 0.031211515418374348 0.06870475536606344
0.0 0.746264663187173 0.5711664720130288 0.03280753836402077 0.06884092402739413
0.0 0.7711026747163867 0.5344190822043112 0.028019412972334835 0.06843246360552753
0.0 0.7386568342273032 0.5001564560268954 0.025182005245401574 0.0351692604600208
0.0 0.7415509925333195 0.4662279603953098 0.028260671747108734 0.03411102319759092
0.0 0.6675299546863901 0.5235738425122589 0.03612026803267563 0.05195247020613225
0.0 0.6326652767506256 0.5742082620972532 0.04500139666013574 0.08176873035670092
0.0 0.591891651675404 0.5244929275170145 0.037141735160735045 0.06392722739896746
0.0 0.5344056492693425 0.5953111663162131 0.044320415688400325 0.07378552505770504
0.0 0.6692749763270168 0.46542353064231906 0.025068508416779166 0.03383872624352158
0.0 0.6328000440173798 0.47839469410259017 0.029849562133991016 0.05273844627938917
0.0 0.569419325900087 0.4863903169556071 0.02278443715446645 0.0442106626528548
0.0 0.5469044255015524 0.48648006846122327 0.02928214103994007 0.04608580576825529
0.0 0.5188140272747507 0.5142386605271527 0.026884512064714716 0.05512720276755578
0.0 0.4826228370366703 0.5238834884461756 0.0313250752960589 0.07003532015392552
0.0 0.3964151071416933 0.6110146452797063 0.04169579522070173 0.08016587900183643
0.0 0.42556244283838096 0.5143254105539772 0.027111505721959972 0.0577882712005545
0.0 0.3849874399480395 0.5376684798522187 0.033268656072503865 0.055671781095094366
0.0 0.31054788837560404 0.5433805753014566 0.030530540940954552 0.0607216262005557
0.0 0.2568498418662882 0.5320989878450451 0.029622627196263983 0.050077357662094535
0.0 0.33698195221022353 0.5067693186840921 0.022096327953510464 0.0547187625299852
0.0 0.2245246362341728 0.6660430563403749 0.05104505234682901 0.078321731412571
0.0 0.2815672250905009 0.47791856818937506 0.0280265455310992 0.049941209185059864
0.0 0.1910928011236281 0.5867992765110005 0.04033383760677456 0.06419951915950337
0.0 0.16199510625505123 0.5132860178360018 0.030303608167999575 0.05806056296109041
0.0 0.09982027321745941 0.5448381898191232 0.034063131708089986 0.0649854952327602
0.0 0.07279038853905087 0.6638215416715708 0.0444267799582585 0.09360731369467219
