0.0 0.9531149048888136 0.5648190193279925 0.04326180273343425 0.10007118877252737
0.0 0.926653193555319 0.6372623753241164 0.05389850922719397 0.1070106200087932
0.0 0.9103993819671524 0.5004032399305457 0.036020391328819915 0.07195473125971921
0.0 0.8586273068919772 0.6065663709832751 0.04326180273343461 0.10007118877252737
0.0 0.7957309295222121 0.5883020220550248 0.03590671146259581 0.093601930531507
0.0 0.7720228274013677 0.6565891403979394 0.05627450319495129 0.12359851755715442
0.0 0.7330802410741084 0.5483720483029642 0.03273874372615717 0.07148476022490513
0.0 0.7092218096949748 0.5922289099255089 0.037868274244851376 0.0848564056028371
0.0 0.6830745978602188 0.5207376975779843 0.03253162705548327 0.05881809758833123
0.0 0.6647133158962255 0.5854376206386309 0.03892424598342172 0.09222881615283614
0.0 0.648679282681519 0.7306832320047965 0.0498249303060847 0.10101124456382511
0.0 0.6095680681182356 0.5745271908824003 0.03353078008605879 0.07701404194826758
0.0 0.5794875163853825 0.5515625361022959 0.028929225366156962 0.06732853153681759
0.0 0.5524795101343754 0.5968109242078512 0.04352580070332346 0.10191432656428594
0.0 0.5185489974523397 0.6872521866482042 0.05310653545851283 0.10148134725055247
0.0 0.4678183307791436 0.6136394602323163 0.04114986932678662 0.08532643798104686
0.0 0.4357578759201971 0.5768516190740496 0.03458668923340893 0.08438644353314491
0.0 0.3817052291318571 0.6203309799993599 0.0465434078858626 0.1005412914592549
0.0 0.34967947562982143 0.7123803333706686 0.04786335745333625 0.10975669918397735
0.0 0.3009773947099688 0.5886329936106635 0.03792515554406632 0.07403288075802177
0.0 0.2789568297574343 0.6745470049774509 0.038396322705356714 0.08854261984295846
0.0 0.22398211184927347 0.6297557494874272 0.04167792785778475 0.08901272252968599
0.0 0.1774147263446247 0.7605656620716517 0.05140896057565332 0.11206993966246355
0.0 0.41032559227422427 0.5804943587987731 0.026910771214193385 0.08689751100178507
0.0 0.49469436934081623 0.5674694987483206 0.03443639127072977 0.06089624708663388
0.0 0.7741669734296232 0.502047563055479 0.04067876475671639 0.07081670786123198
0.0 0.8801281209780477 0.5696304185473189 0.03617069936199187 0.095444998014748
