0.0 0.4118089765780521 0.557563617363945 0.035741121136379395 0.03115122426086021
0.0 0.5077437145156848 0.9362347010695806 0.13010077398933104 0.06440269633448725
0.0 0.45939858869028816 0.8175341482313048 0.09161168203010002 0.05579317991909374
0.0 0.46591704196058836 0.7213556532850355 0.08069762099431035 0.04140268663082551
0.0 0.4563152604520474 0.6290170394683872 0.07482868004260386 0.046884509585110035
0.0 0.4803051431030999 0.48571328703957184 0.07091601182755225 0.050539018283838374
0.0 0.503387890824143 0.4056387627141719 0.06321956116140041 0.039289334900809526
0.0 0.5010163116480177 0.36074723421259336 0.06870882996656417 0.04184492724878419
0.0 0.39378528736923596 0.8590476457014095 0.06587089174346925 0.03066670204128563
0.0 0.4301425203480438 0.4663678226795741 0.046436500810160555 0.030380616505461512
0.0 0.3833596849930716 0.7374142866085436 0.05161044528732397 0.0316941720613368
0.0 0.370553674367988 0.7553163053927934 0.04965411719405233 0.03352145010035636
0.0 0.35068519260863207 0.8064602442166336 0.045490544365358196 0.02665457127571589
0.0 0.33510902691557987 0.8732367053767973 0.05545864820456385 0.037319016373031214
0.0 0.40680608002867424 0.6640424157411404 0.06325174258848917 0.03464963846569953
0.0 0.40724625721920293 0.5240144708172094 0.0509797869957771 0.029210151437835917
0.0 0.3946790305212059 0.6874050926481847 0.04643650682441436 0.030380640195116902
0.0 0.37329162596892246 0.7011453906254623 0.04290357814103034 0.025997817187433547
0.0 0.4229035196282694 0.6033476263169837 0.054197369687106575 0.032350943234806896
0.0 0.38882889305770274 0.5748657916377696 0.04713153097726579 0.02358527979322549
0.0 0.38735676936891333 0.9169088653039751 0.06713222230500496 0.03563479834822854
0.0 0.42820074396636265 0.8373772609080543 0.07489308472132654 0.03760509962970193
0.0 0.4721134724514406 0.5722124910285507 0.07161106666583894 0.04374368783504297
0.0 0.420143382372627 0.7335320873197434 0.06908850512023394 0.033807523791352524
