0.0 0.7063880787959274 0.03467589329661832 0.10954891823796675 0.06377358751302176
0.0 0.608124525057576 0.10411790435819357 0.08202195689485858 0.04708238746725589
0.0 0.6587345836172368 0.1736002703435071 0.07141986465957695 0.039327561764259625
0.0 0.7438216601335139 0.18246509247705572 0.09746240343666646 0.06440167841586404
0.0 0.5879886420870664 0.2239692819256232 0.07197885557015934 0.04231880431178743
0.0 0.5892603921157603 0.27016702672128623 0.0566347104601018 0.0336778207852098
0.0 0.6636878479897277 0.2438755538770283 0.06825847642113211 0.03873678850297737
0.0 0.7128383230402559 0.2617778362830999 0.08694726875625695 0.04078589537168322
0.0 0.7018884527248401 0.32573795479041656 0.0648176530259124 0.03665040523626595
0.0 0.6190947992966389 0.3597842396452279 0.06695730390825964 0.03993700738531523
0.0 0.7902766363906828 0.3347597985387799 0.10099024401890802 0.050627112043900226
0.0 0.711916091080362 0.4144130320355363 0.06825847908659846 0.03873680276627893
0.0 0.7238815843241418 0.4609341235774284 0.0880652452464891 0.046768351940135754
0.0 0.6414744853326297 0.4051330964545229 0.054774489403597214 0.03188680011498657
0.0 0.6434449686686191 0.4550698659079927 0.05923705548584683 0.03127738302053418
0.0 0.8224091405971763 0.4804439371828736 0.10043125310832561 0.04763586949637233
0.0 0.7074908943455642 0.522041398713814 0.07141986465957703 0.039327561764259666
0.0 0.6800260432958042 0.5589047529277211 0.07114031423670202 0.03783195774876411
0.0 0.7551662951008067 0.5758198123556848 0.08322688694176365 0.03720386529957169
0.0 0.7608958977958216 0.6064799257322987 0.06453809194117266 0.035154744167564186
0.0 0.6973981458476616 0.6431116672379255 0.052451579534627334 0.03578284788509141
0.0 0.7755165597192106 0.6672093822192107 0.08090397707279369 0.04109991306967622
0.0 0.7376856367770401 0.7098795204219347 0.07978599525162906 0.035117427974620696
0.0 0.8033510309306633 0.7548785712580999 0.09354948038992142 0.04346305189967694
0.0 0.7590328285736524 0.859127025407501 0.06769948284508365 0.03574553169214809
0.0 0.8704807411635581 0.8646135042224008 0.0810002845018433 0.04977825258413553
0.0 0.7273288852759154 0.7419979617718047 0.07002239271405353 0.03184948392204312
0.0 0.8174593783548769 0.9441749695204379 0.06937645557683059 0.04471925933473155
0.0 0.8620600147806176 0.5875747981897919 0.10154923492949042 0.05361835459142812
0.0 0.923261401029064 0.7618792667558619 0.10889369112942741 0.052104075221192404
0.0 0.9784679191623274 0.9314575090809696 0.043064161675345144 0.04283494818214954
