0.0 0.2017786248646906 0.026195269371197604 0.07599714127158937 0.05239053874239521
0.0 0.23290101823265416 0.1045435170783946 0.09373269766925123 0.05957115088441796
0.0 0.2338093951575861 0.1572264438850118 0.06896196839273676 0.04541634418483518
0.0 0.24081053149839207 0.19403252636886462 0.06605977136245093 0.034100073518754395
0.0 0.23951844708916364 0.2583155041748347 0.050022879143547125 0.03201855405853613
0.0 0.26947813025355966 0.29497021043919236 0.08134731453610108 0.052493710358179735
0.0 0.23700235606792938 0.3303003241009742 0.043228416559953554 0.023843589032388035
0.0 0.19912634585047986 0.20981470850743267 0.04199760075188665 0.03644662065582249
0.0 0.2597792791427283 0.38014471306939673 0.06848053861970946 0.041707332781956194
0.0 0.25632755591742507 0.4220791139540189 0.061686076036115846 0.033532367755808055
0.0 0.2927070179602786 0.47392935805534203 0.09421411825976937 0.06328009154378841
0.0 0.27467629645351177 0.5177560773144929 0.07383073969149785 0.03875526720885265
0.0 0.32218307067218616 0.6096483631400774 0.08693822590314851 0.051396115114761456
0.0 0.3179819985315039 0.6686517120949566 0.0524572369856509 0.02868801196115962
0.0 0.31284528500424347 0.6976045712648098 0.057298762317658805 0.043902459744055024
0.0 0.3103564352286332 0.7469569931504974 0.05293866675867829 0.03239702336403862
0.0 0.3518385742607005 0.7981449096507669 0.08499889760142647 0.04749793799794695
0.0 0.33697115513925563 0.8377895671492613 0.05293866675867829 0.03239702336403862
0.0 0.35073952200054026 0.9038891990024421 0.06410684329337438 0.04113962701900977
0.0 0.3936250722190504 0.986678565122664 0.07575643097633034 0.02664286975467185
