0.0 0.9860047920540358 0.40204394806160443 0.02799041589192832 0.07239594131360727
0.0 0.9679482264737629 0.3496739066418157 0.030629456336743566 0.06720918368694626
0.0 0.8683676571470491 0.4128707790377703 0.03542898406073185 0.06894913344448197
0.0 0.8362476080160267 0.37172101433529486 0.02581579794162785 0.062029077500513806
0.0 0.785211150875152 0.39171382296186535 0.022628010340674985 0.06373593586456874
0.0 0.7565746009585192 0.4202144016877217 0.029053408858826124 0.07236285017259192
0.0 0.8616643019311476 0.33721337287607894 0.019326140746528962 0.03792137446513362
0.0 0.7753271343317764 0.3195098266449411 0.019290569977241035 0.029320900362828084
0.0 0.7052388385645303 0.36796348819886243 0.022570999745073993 0.0499752097050159
0.0 0.6519202017876596 0.41548764377974834 0.03708342102264846 0.08271644492317085
0.0 0.5569075244347002 0.4244818698287819 0.03224832280121959 0.07237608667949118
0.0 0.40838733233143254 0.4354178687369711 0.025901313631143584 0.08267011752772158
0.0 0.4464660368522142 0.3724758145561219 0.0226137576577937 0.06029574612266035
0.0 0.7178224598221157 0.32060813032097546 0.01929763538076674 0.03104099498131685
0.0 0.6770874745679027 0.32077687868562044 0.014548113786768457 0.041341677017310466
0.0 0.6253662642932716 0.3682944161392894 0.02898927192178462 0.056882029142084976
0.0 0.6004098141710758 0.32109455371510764 0.02095213341652169 0.044808339520551944
0.0 0.5677475991972903 0.3418713001780664 0.01936895959716356 0.04824191113524332
0.0 0.36176195786328075 0.363366108022265 0.02582998955067035 0.06546923418187589
0.0 0.3313818920565337 0.356611507657141 0.019397464827002064 0.055122257810979305
0.0 0.22320773502606964 0.4662871450512306 0.03870228748712434 0.08788334791571586
0.0 0.27090678247635347 0.4119058230226065 0.029010711884021313 0.06204231400741298
0.0 0.17168665803324856 0.3693139454882394 0.025829989686593956 0.06546926698995677
0.0 0.4831076569415128 0.34824236546259524 0.019404591032519125 0.05684231987385271
0.0 0.26178587808177584 0.33109807596915086 0.024175552588753833 0.051701922703187055
0.0 0.19794841668392468 0.3459835622882633 0.024211184160032984 0.06030236424987723
0.0 0.5334558587158256 0.3549142379751808 0.03060101204482004 0.0603288372636757
0.0 0.41276634667155837 0.33563292168852193 0.02581579794162776 0.062029077500513716
0.0 0.6922917753886362 0.3275943685469745 0.01608852969340715 0.02758756898497463
0.0 0.09217042987577703 0.4556492723652948 0.02601527374850665 0.11019153678628087
