0.0 0.9109374992549419 0.4749999940395355 0.03750000149011612 0.08750003576278687
0.0 0.73828125 0.5007812678813934 0.0234375 0.06718748807907104
0.0 0.7593749985098839 0.53515625 0.01874999701976776 0.057812511920928955
0.0 0.6312499940395355 0.4999999850988388 0.028124988079071045 0.07500001788139343
0.0 0.5843749940395355 0.46875 0.043749988079071045 0.08749997615814209
0.0 0.534375011920929 0.45390623807907104 0.03125 0.0859375
0.0 0.4281250238418579 0.41718751192092896 0.03125 0.10000002384185791
0.0 0.3062500059604645 0.32343751192092896 0.021874964237213135 0.09375
0.0 0.17500001192092896 0.2750000059604645 0.04062497615814209 0.14375001192092896
0.0 0.12656250596046448 0.5031249970197678 0.028124988079071045 0.08437499403953552
0.0 0.203125 0.500781238079071 0.02499997615814209 0.0703125
0.0 0.30000001192092896 0.538281261920929 0.03750002384185791 0.07968747615814209
0.0 0.359375 0.5414062589406967 0.03437495231628418 0.06093749403953552
0.0 0.4312500059604645 0.5734374970197678 0.028124988079071045 0.06874999403953552
0.0 0.5093749910593033 0.5734374970197678 0.025000005960464478 0.07187500596046448
0.0 0.5812499970197678 0.5656249970197678 0.025000005960464478 0.04999998211860657
0.0 0.6320312470197678 0.5882812589406967 0.017187505960464478 0.04843750596046448
0.0 0.71875 0.59375 0.03125 0.059374988079071045
0.0 0.5562499910593033 0.5999999940395355 0.021874994039535522 0.050000011920928955
0.0 0.47187501192092896 0.5812499970197678 0.02187502384185791 0.04062500596046448
0.0 0.23203125596046448 0.5539062470197678 0.029687464237213135 0.04531249403953552
0.0 0.15000000596046448 0.6062500029802322 0.021874964237213135 0.05625000596046448
0.0 0.09999999403953552 0.56640625 0.025000035762786865 0.0703125
0.0 0.3812499940395355 0.6234374940395355 0.021874964237213135 0.046875
0.0 0.5406249910593033 0.6312499940395355 0.021874994039535522 0.043749988079071045
0.0 0.5125000029802322 0.6375000029802322 0.021874994039535522 0.03749999403953552
0.0 0.4906249940395355 0.6531250029802322 0.018750011920928955 0.028125017881393433
0.0 0.6124999970197678 0.6124999970197678 0.021874994039535522 0.05625000596046448
0.0 0.2945312559604645 0.6156250089406967 0.020312488079071045 0.03749999403953552
0.0 0.31562501192092896 0.5999999940395355 0.015625 0.050000011920928955
0.0 0.22812500596046448 0.6187500059604645 0.021874964237213135 0.046875
0.0 0.4281249940395355 0.6437499970197678 0.012499988079071045 0.03437498211860657
