0.0 0.5013973539846711 0.8095494787823615 0.07843577978154057 0.034440216542153214
0.0 0.4392257026474787 0.7684661023247304 0.07278927653976357 0.027694142417875246
0.0 0.5026603790831509 0.7108371945860419 0.07637895334560749 0.027838183985786635
0.0 0.5094981224359167 0.6300081548671631 0.0834535609228599 0.025514125112143217
0.0 0.4571924228918938 0.6566886170572427 0.06001577858417697 0.02196613020678324
0.0 0.5092874517797089 0.5456260880586893 0.10514894434540256 0.03029612316413033
0.0 0.519374366672374 0.4734301206578936 0.07648372961716339 0.030450227727291244
0.0 0.45735530013669956 0.5854027174158375 0.054683638391070044 0.023056188680239842
0.0 0.4073091315041516 0.5781627344845767 0.03652560910893676 0.017112138340966254
0.0 0.5380745178200179 0.3433684039307582 0.09633186938400477 0.033854182437960255
0.0 0.5816007314087457 0.17702115205765873 0.1123282939602082 0.030584106658771714
0.0 0.45245141924534427 0.259484554256992 0.07981153121446116 0.024064087956995196
0.0 0.442915697391833 0.40757345876151857 0.08693852792671208 0.02304607586439964
0.0 0.42224192947147043 0.3851602297899427 0.05457886012107309 0.020444095118144556
0.0 0.4340268726761676 0.42749275233444556 0.049089556519852987 0.017616112889639178
0.0 0.4126526832528632 0.4449490260974235 0.04370499095930378 0.017400073388237302
0.0 0.3986287231022797 0.5032518105066961 0.034835530859789944 0.01965218552220067
0.0 0.4156923012504302 0.4588062108088115 0.05062243712688419 0.011158023633222759
0.0 0.4360369764596732 0.35497280178565305 0.057906597247248115 0.014058052242589136
0.0 0.43090641863212964 0.23638230361475712 0.07062774030183885 0.018480019045853523
0.0 0.4505381416705093 0.21754801142075636 0.061758245968322446 0.020732129806596646
0.0 0.42787251347203464 0.1551572848742211 0.06524317873817202 0.018264079185632776
0.0 0.44295104817330183 0.09297243244621659 0.06545272928284236 0.0234881168480518
0.0 0.46743662346466286 0.06517600346792046 0.08340120602186403 0.024208079704315842
0.0 0.4358399707022638 0.3150673007709641 0.05447408384951728 0.01783205137663977
0.0 0.43306227526736424 0.29468003092949935 0.06191544361043801 0.02465017188177874
0.0 0.476549764619892 0.1741153916312324 0.04570940002155925 0.022696207252107838
0.0 0.4085072045641501 0.5258860599700979 0.041910138437042346 0.01732812664855743
0.0 0.4286571092429555 0.5613594834255125 0.04175297303048797 0.013410036126004953
