0.0 0.546355097662856 0.8895045318892791 0.10040008778289308 0.05258066881910732
0.0 0.5414908861727052 0.7682355784811772 0.08785000427843812 0.04600806808363771
0.0 0.4518883651454496 0.8992426972665358 0.06495367802291092 0.04443798594431918
0.0 0.5262582886868804 0.6654331121199497 0.08814757122199417 0.039092515716990836
0.0 0.4372066649443173 0.7993340098311452 0.06749901294001566 0.03237258651039898
0.0 0.4487100198943047 0.7731548163244245 0.05187485316686517 0.02660916910391009
0.0 0.4667364635171355 0.7037526677476719 0.07587303788053781 0.03396680909490275
0.0 0.38378945368103756 0.7375358944938507 0.061350676617200596 0.03399095807487331
0.0 0.42875050441487694 0.6637556361494232 0.06667263944263242 0.028031903709767114
0.0 0.5101772195382118 0.567290176234521 0.10014667955102041 0.042771338753251606
0.0 0.50466276416989 0.4836281210042346 0.09037332372846123 0.04230512202902714
0.0 0.49882343816276703 0.3617951646659933 0.0942737975580635 0.04583658618651998
0.0 0.5134344934069492 0.20608236133557414 0.09594864140481443 0.046155440760968204
0.0 0.48902351820420514 0.09153336391343711 0.114096014287039 0.048215838674008915
0.0 0.4149617770206794 0.4272383825661956 0.07029766156932879 0.030116505797028383
0.0 0.42151713685688 0.5984127518881909 0.05855199867045959 0.036247046505277325
0.0 0.36726208597403337 0.650722862457287 0.056348348269881485 0.024671956763550364
0.0 0.3679891575108178 0.6955641959910744 0.04517561081128614 0.02533380272935908
0.0 0.3586293608435236 0.5871457025577678 0.04712587441656293 0.02709951329250959
0.0 0.3825781080221587 0.5488515714406801 0.053549633124855944 0.02692801151530002
0.0 0.36114730301010023 0.5274430164516892 0.05020001457401877 0.026290342126586985
0.0 0.3984503547516387 0.5045983798769569 0.06777446726987382 0.03381946237919307
0.0 0.39280351077959696 0.474937265883211 0.06749901556696791 0.032372600308961455
0.0 0.3590760784115264 0.46186700698901745 0.06359844590422536 0.028841117906881132
0.0 0.38942119023445043 0.375126395700501 0.0674989836225878 0.03237259422743235
0.0 0.32969588535763095 0.3257741379157131 0.0638739295515113 0.030287986058641893
0.0 0.4147198548236086 0.29834247662761654 0.06804995091715967 0.03526633053095374
0.0 0.37472316496466274 0.22499341667004877 0.084797974107728 0.03845479721555693
0.0 0.34643862447094087 0.2678613174342849 0.06804988702839951 0.0352663183678954
0.0 0.3519031887232257 0.42874810687190223 0.0496270304988891 0.03175905230309404
0.0 0.37125089340966905 0.6169783152879585 0.04350083085329537 0.02501496031796897
