0.0 0.9749999940395355 0.4609375 0.037499964237213135 0.07187497615814209
0.0 0.8125 0.421875 0.02812504768371582 0.059374988079071045
0.0 0.760937511920929 0.3656250089406967 0.02499997615814209 0.03749999403953552
0.0 0.7578125 0.4281249940395355 0.03437495231628418 0.0625
0.0 0.6906249821186066 0.4437499940395355 0.028124988079071045 0.06562501192092896
0.0 0.6695312559604645 0.3812500089406967 0.020312488079071045 0.04062500596046448
0.0 0.6500000059604645 0.3671875 0.018750011920928955 0.03750002384185791
0.0 0.6343750059604645 0.44999998807907104 0.028124988079071045 0.078125
0.0 0.5875000059604645 0.4750000089406967 0.021874964237213135 0.07812502980232239
0.0 0.5914062559604645 0.3773437589406967 0.017187535762786865 0.04531249403953552
0.0 0.5726562440395355 0.3460937440395355 0.020312488079071045 0.0390625
0.0 0.5437500178813934 0.34687499701976776 0.018750011920928955 0.025000005960464478
0.0 0.4765625 0.4937499910593033 0.03750002384185791 0.08437499403953552
0.0 0.33125001192092896 0.5640625059604645 0.02499997615814209 0.10624998807907104
0.0 0.20000001788139343 0.5906250178813934 0.028124988079071045 0.13749998807907104
0.0 0.23203125596046448 0.44062499701976776 0.029687464237213135 0.06874999403953552
0.0 0.15156251192092896 0.4242187589406967 0.02499997615814209 0.07968750596046448
0.0 0.3257812261581421 0.40546874701976776 0.0234375 0.06093749403953552
0.0 0.5531249940395355 0.4078124910593033 0.018750011920928955 0.05625000596046448
0.0 0.512499988079071 0.39531250298023224 0.02187502384185791 0.04062500596046448
0.0 0.5062499940395355 0.34062500298023224 0.021874964237213135 0.03749999403953552
0.0 0.522656261920929 0.3374999910593033 0.01406252384185791 0.03749999403953552
0.0 0.46562498807907104 0.38750000298023224 0.02499997615814209 0.05937501788139343
0.0 0.3968749940395355 0.41875000298023224 0.025000035762786865 0.05937501788139343
0.0 0.44062498211860657 0.3687500059604645 0.018750011920928955 0.050000011920928955
0.0 0.2562499940395355 0.38750000298023224 0.021874964237213135 0.04999998211860657
0.0 0.11562499403953552 0.38749998807907104 0.028124988079071045 0.0625
0.0 0.16874998807907104 0.35859374701976776 0.02187502384185791 0.04843750596046448
0.0 0.4140625 0.35859374701976776 0.01874995231628418 0.04218748211860657
