0.0 0.10588318366363407 0.2789593855200928 0.06043799206130327 0.08534653194857258
0.0 0.24038240962459412 0.3122833846953689 0.044850097264227305 0.07403357773511803
0.0 0.3567147641804388 0.3448761391595882 0.0372589311044921 0.06995473946080662
0.0 0.43125137616081854 0.36167291223338205 0.046617982349997165 0.06029671203260967
0.0 0.5275476442555075 0.37966270812102504 0.03563679945556677 0.057333762376911415
0.0 0.6472257515090447 0.38622454753667435 0.03062455933905861 0.045828484558218016
0.0 0.6861098364156554 0.4104665995097962 0.03543395438764714 0.055756085746742554
0.0 0.014898622594250155 0.3197075350309608 0.02979724518850031 0.06995479854170679
0.0 0.052716452068908314 0.30901081831564214 0.04206837754869487 0.07988234725517347
0.0 0.20318054832093696 0.3459905016390079 0.029667755548019592 0.06587595916642171
0.0 0.06314941442793612 0.3841217131678604 0.03082730161574998 0.047406147976702326
0.0 0.11072416547442807 0.35495518581330937 0.031581302337746274 0.025781061324098565
0.0 0.15157889570617292 0.39228006196278226 0.024047226147482826 0.04963786062815991
0.0 0.1763658667997547 0.37702344091765616 0.03601375698688658 0.0465212135457409
0.0 0.54910600810519 0.4321481047958523 0.029841978537782234 0.05348580709864077
0.0 0.43903255205926683 0.41479304064802874 0.03082730161575 0.047406147976702326
0.0 0.262289232718106 0.39047267620617443 0.036216508660315186 0.04809881898429884
0.0 0.22812895847068884 0.4005153185519646 0.029030895581448092 0.0471753163547457
0.0 0.39565893413674524 0.43968846740587725 0.022425052499680742 0.03701681895849589
0.0 0.46873182584200623 0.43945830582827233 0.03320349311741975 0.03840210519570997
0.0 0.4885921956408546 0.3914945647108814 0.024829780420150625 0.041980593865716107
0.0 0.30711230657391336 0.3898189546567245 0.03644784814815809 0.06364424871691163
0.0 0.32173061917552803 0.4181588090267462 0.020251622068176812 0.04759840919811982
0.0 0.37754915739947015 0.4100980534969315 0.02561233469281854 0.03432332710327239
0.0 0.36338067131246343 0.40667328794068797 0.014428340994211464 0.02978270522130009
