0.0 0.08965703285685629 0.30147639135716847 0.042839674463942504 0.08430588010516997
0.0 0.13547534559048374 0.2573444592943436 0.056189040057712726 0.09211190163639844
0.0 0.16096795916506343 0.3270183588493256 0.04465121788289372 0.06870349944670444
0.0 0.22996231262438896 0.32706920422380226 0.03897026877692622 0.07239696443125339
0.0 0.2700468973222522 0.28642611794284323 0.04796282948504142 0.0780312275312642
0.0 0.24668979261050686 0.381340509588959 0.03206816433442401 0.05245096481484488
0.0 0.315704299398738 0.32533596141297483 0.03897025581354914 0.0723969616297957
0.0 0.36059538466482177 0.35462432715240894 0.0326963698944029 0.06735031309317377
0.0 0.3974035556998111 0.31597487490347836 0.050472932819201864 0.08964634349617659
0.0 0.39956052411602216 0.3981666885961078 0.02934956035298173 0.051863506349380015
0.0 0.43002438975080903 0.3757070732386961 0.034020468626284564 0.06148493905108032
0.0 0.43178187531203366 0.43012039916326794 0.028756582816473752 0.04312329016365535
0.0 0.4634141273799205 0.39237865313427855 0.03513606671088425 0.06664722250843443
0.0 0.5145151849835183 0.3007582241430211 0.04440748505469738 0.07357197702309284
0.0 0.5041230209464365 0.4146844194816387 0.030186279523619585 0.05573519992971905
0.0 0.5218279340800247 0.4380977026516716 0.0260731596534848 0.04869485972551209
0.0 0.5551498690799889 0.41558034928358456 0.03924916065426496 0.07368755710972605
0.0 0.6059003773712262 0.3650847221603002 0.04712609735102635 0.07415953114946747
0.0 0.6265311731382708 0.4276291513521436 0.036739070283481466 0.06207244394627125
0.0 0.6421443272353953 0.4607216488628204 0.031301825754711035 0.0608974721812424
0.0 0.6963785118828228 0.44677605064826115 0.04168889403663227 0.07298452135908562
0.0 0.7460486318299886 0.3946961030145005 0.04308337568368401 0.07943730183400266
0.0 0.751812406651684 0.4898248736572247 0.033706395930492496 0.054035318345286056
0.0 0.7919497537712936 0.43906193455912684 0.03457829359533857 0.06406608638267271
0.0 0.8235605381836931 0.4837166642876948 0.03729693181842144 0.06465364611196271
0.0 0.8949808678982464 0.4099957171337959 0.04608091874748297 0.08131545704322293
0.0 0.6632136261941317 0.4652748412158555 0.025063122978263498 0.06200980524221613
0.0 0.5930697597911945 0.4507917968572803 0.03039477552241099 0.044707635289723505
0.0 0.35482390787518847 0.4175418576272428 0.035867198545389736 0.05204168151179998
0.0 0.288935199368333 0.34386607413405434 0.03297523816923285 0.06864085373900516
