0.0 0.2094875347639678 0.6724789788926067 0.04947856615944535 0.101616527645825
0.0 0.26136461372133235 0.7620358705823908 0.05083170326511026 0.11340042937154342
0.0 0.2871092080067744 0.6240169737744355 0.03359571375859338 0.08089643846152424
0.0 0.36156423297745555 0.6445692196918975 0.03068979156511493 0.07910921445557628
0.0 0.3989116097988557 0.7283325024088063 0.040253302241012 0.0918358566122679
0.0 0.37398664022685213 0.5595680835922707 0.03481024541837145 0.06795389975043609
0.0 0.42008236344021466 0.6229255444134342 0.027276411183849714 0.0729029959295275
0.0 0.4958364867083924 0.6306431688050256 0.025923300105557344 0.061119152641426845
0.0 0.5354132301841249 0.7096732223037966 0.04400496207768532 0.10098799456725197
0.0 0.5625879011493392 0.5901451981674234 0.03411838685062305 0.07368871434657702
0.0 0.4131780591248601 0.5386512810345585 0.029367182143463788 0.04407188669879307
0.0 0.4891318432797204 0.5239599067802485 0.028660082571331725 0.06143341693290712
0.0 0.5334203929426284 0.529321104535736 0.02729167828837422 0.06127628328862942
0.0 0.5707283483700376 0.5101129902538137 0.027983536856122627 0.05554146869248848
0.0 0.6070608706945461 0.585038374209388 0.03410313939397236 0.08531537379473875
0.0 0.6402172177683451 0.5357126734910823 0.029167482106570032 0.06585234926904641
0.0 0.6591070926421322 0.6760682252390051 0.04228303088266907 0.10951160094220062
0.0 0.7581392612484874 0.6691735801432804 0.04366665652213655 0.09804207214124147
0.0 0.6612118346972463 0.5012151965028384 0.02899834237886605 0.06437938955457882
0.0 0.7014956679211739 0.5622552147838282 0.03204295484368887 0.09089306373782709
0.0 0.7290327889074667 0.5605855136010433 0.02386306335499224 0.06669683659036511
0.0 0.731861167548121 0.48862531354303157 0.024908448834799302 0.05228128197499773
0.0 0.7800170915879712 0.5457765884286644 0.033088288123214224 0.07647750312830981
0.0 0.7956532151058168 0.4887621068289718 0.030013200101891256 0.07321731641081915
0.0 0.8566474411059144 0.5369771092220365 0.030689765464973994 0.07910921145850133
0.0 0.9110616840550996 0.6486287303959948 0.040591614248828026 0.0947818352280895
0.0 0.9587241732029443 0.5565961604103155 0.033764912138845915 0.08236946035995336
0.0 0.9108829749724666 0.4538904113727208 0.03018239202987676 0.0746902821194368
0.0 0.8134729495668995 0.4628373874937003 0.025554479988833378 0.08142660230447625
