0.0 0.913281261920929 0.4749999940395355 0.04531252384185791 0.06562501192092896
0.0 0.823437511920929 0.4390624910593033 0.03125 0.05625000596046448
0.0 0.854687511920929 0.539843738079071 0.03750002384185791 0.07656252384185791
0.0 0.7515625059604645 0.46875 0.034375011920928955 0.0625
0.0 0.7328124940395355 0.3929687440395355 0.028124988079071045 0.042187511920928955
0.0 0.6781249940395355 0.4312499910593033 0.025000035762786865 0.05625000596046448
0.0 0.703906238079071 0.528124988079071 0.0390625 0.07187497615814209
0.0 0.6531250178813934 0.4749999940395355 0.028124988079071045 0.06562501192092896
0.0 0.5562500059604645 0.5218749940395355 0.034375011920928955 0.07499998807907104
0.0 0.6156249940395355 0.43671874701976776 0.021874964237213135 0.05156251788139343
0.0 0.6882812678813934 0.37187500298023224 0.020312488079071045 0.04062500596046448
0.0 0.53125 0.43359375 0.02187502384185791 0.051562488079071045
0.0 0.610156238079071 0.375 0.02968752384185791 0.03750002384185791
0.0 0.5609374940395355 0.3804687559604645 0.018750011920928955 0.0390625
0.0 0.5 0.44609375298023224 0.02499997615814209 0.06093749403953552
0.0 0.51953125 0.37187500298023224 0.02656245231628418 0.04062500596046448
0.0 0.41718748211860657 0.51171875 0.034375011920928955 0.0703125
0.0 0.44062498211860657 0.3968750089406967 0.018750011920928955 0.05625000596046448
0.0 0.37187498807907104 0.421875 0.02499997615814209 0.0625
0.0 0.30937501788139343 0.508593738079071 0.034375011920928955 0.0703125
0.0 0.2945312261581421 0.41796875 0.0234375 0.0546875
0.0 0.2953124940395355 0.3656249940395355 0.021874964237213135 0.043749988079071045
0.0 0.22343748807907104 0.4156249910593033 0.03125 0.05312499403953552
0.0 0.15390625596046448 0.5 0.035937488079071045 0.07187497615814209
0.0 0.125 0.4312500059604645 0.02499997615814209 0.050000011920928955
0.0 0.04531249403953552 0.39921873807907104 0.028124988079071045 0.0546875
0.0 0.17343750596046448 0.35625000298023224 0.021874964237213135 0.04375001788139343
0.0 0.09843748807907104 0.37812499701976776 0.02499997615814209 0.04999998211860657
0.0 0.24765625596046448 0.3843750059604645 0.017187535762786865 0.059374988079071045
