0.0 0.2707348541753799 0.8434288065672295 0.053730038319012595 0.10957482183861025
0.0 0.3551911665749173 0.7661356878614136 0.05191317873175101 0.07976843694305699
0.0 0.44386368823055394 0.7286728841981207 0.040051039883211015 0.06877854347280063
0.0 0.5200386007070057 0.6928410547194085 0.034478450968823536 0.06470787691566535
0.0 0.5694097286354298 0.6735996566960146 0.03925261921413572 0.05657117395143629
0.0 0.6337062681135925 0.6521162343012034 0.03161070369965602 0.05331376163757682
0.0 0.7157960011409343 0.6397849057268015 0.02667354249934606 0.042732725952669526
0.0 0.7394142693204727 0.6156665107896769 0.031252175833785145 0.05188944409564371
0.0 0.23905471243919701 0.6893511524456363 0.03790020378176764 0.06023292511355294
0.0 0.28387991694998344 0.7341055578887936 0.03447845885511795 0.06470792979051065
0.0 0.31417069363064243 0.7416266840805326 0.039057119033535634 0.07386460379985352
0.0 0.4134099225380442 0.699989829021763 0.028905864152351635 0.060637261776506614
0.0 0.31103393126322015 0.672749277256003 0.027032000904670995 0.04415702601217468
0.0 0.34805421355712945 0.6967506384836393 0.024441188213983132 0.024828232805594652
0.0 0.37123252316338073 0.6606270120949234 0.02289331087629818 0.04578347433953613
0.0 0.39052885897472017 0.6731870533901452 0.030315268412417985 0.04364935774994194
0.0 0.6414092044051654 0.6032280819360082 0.027251984134461883 0.04954861216108064
0.0 0.5674706419861038 0.6248665808598972 0.027032000904670905 0.04415702601217486
0.0 0.44825886922576785 0.6563852992350674 0.030673724719827343 0.04507360639147109
0.0 0.4231822096321821 0.6490663419211312 0.025818098923120304 0.043851551608298324
0.0 0.5339536025434376 0.6045269726154638 0.020025526778942114 0.03438929890225726
0.0 0.5846608734791976 0.600851517886269 0.027308983888096706 0.03622241115661158
0.0 0.6050571222926177 0.6434246914137485 0.022314859762340333 0.03896763663536351
0.0 0.47943359749844844 0.6545969863212334 0.03304456575748214 0.05901081636288321
0.0 0.4856578803654301 0.628041182550111 0.0201069980050101 0.0437481109813735
0.0 0.5254807038919976 0.632405935383282 0.021736408648382534 0.03215179893119054
0.0 0.5161278880939832 0.6362744352479178 0.013735988421547418 0.027470074902874054
