0.0 0.11603541885809351 0.602802498455303 0.031534881583703454 0.08054936480126215
0.0 0.2076807882545904 0.5817378718184185 0.03453932217339499 0.07243582888422573
0.0 0.23110569791147278 0.5484231666857428 0.032201853093868846 0.06235927719094754
0.0 0.27725399291916863 0.5629803905370094 0.03123798838415235 0.07770911779984298
0.0 0.30552109207083616 0.5571544177455551 0.021369635891615467 0.05701320760398314
0.0 0.32748139541598703 0.5412203872852224 0.021814960741681634 0.06127352296220199
0.0 0.3465491364515626 0.54784108771741 0.02938349307595285 0.08453827610768486
0.0 0.38579689347839746 0.5466098263191628 0.02411478656259609 0.05870473418577209
0.0 0.4113177853291427 0.5145116708480437 0.029531914647217404 0.0859584237828412
0.0 0.475939021152466 0.5048856369271918 0.035837637194656935 0.07257151316038683
0.0 0.5341040300241484 0.4586079663249992 0.02975355900441796 0.06350794020166228
0.0 0.5247572574381376 0.49475800895385724 0.02033053136194738 0.047072345364021384
0.0 0.5744839087821163 0.4744860019867512 0.041514080490713035 0.09002008932115917
0.0 0.6092982173668865 0.46223309940009194 0.027750595427682167 0.06891697274378909
0.0 0.6445212532065663 0.4664472757172325 0.02281641918141375 0.05856901764585922
0.0 0.6699491126423733 0.4271806596337682 0.026044521690747224 0.07716627872678732
0.0 0.6977718979334963 0.44221781118754394 0.03316774827660156 0.09617066492943574
0.0 0.7698874429233094 0.4540607281381588 0.03383472314651721 0.07798055087966907
0.0 0.8103572903418932 0.4017367305333198 0.02878969712602597 0.07885780789715416
0.0 0.833950492750977 0.4014240118030258 0.035394392346202966 0.11747243132670682
