0.0 0.7533868732487741 0.8173533454737058 0.05477844846536843 0.14878622670551644
0.0 0.617769781840135 0.827552103175704 0.050806401119354125 0.12484420945215025
0.0 0.44613911787720273 0.7774921006749478 0.05013189140655703 0.13726928255498957
0.0 0.28676187005126014 0.7925789125817083 0.05734959154397954 0.13130274250349744
0.0 0.17344063480611982 0.7716391282536594 0.06101610126934411 0.15340309314317296
0.0 0.04439844523009835 0.7779085211008104 0.06542049338288095 0.14696974913345304
0.0 0.01586932926209548 0.7251332482807896 0.03173865852419096 0.11861903946198611
0.0 0.11532432230400644 0.6696300767276375 0.0398011262671993 0.09973536016645994
0.0 0.05270562404114072 0.6232471422325698 0.03246810681647028 0.05553465888710844
0.0 0.03319136369632586 0.6624399568482232 0.04775671214649206 0.06523512602195955
0.0 0.20871042358431574 0.6749533049896135 0.056311890381635976 0.11680256345476332
0.0 0.2896557959156617 0.6444927842053657 0.042187808370041324 0.08938531830333493
0.0 0.2577958982098562 0.622338832577689 0.038031274977953264 0.07257667090823361
0.0 0.2255382256881207 0.6021433012445683 0.036745690023856435 0.08131841078369195
0.0 0.10980147471829442 0.5797118654526526 0.03791021174786384 0.0636015641812004
0.0 0.1527012046926947 0.5943571014076824 0.03906897614029692 0.08707684995696771
0.0 0.33341163132763224 0.6599422040562165 0.054109694324867605 0.12001923545962345
0.0 0.4134951543046248 0.6722032935935033 0.03986455084246145 0.08362681555163495
0.0 0.5148628056017381 0.6733637901490569 0.043225511291662945 0.10388542932254233
0.0 0.5534561254543038 0.6489833786582853 0.030998087716186794 0.0714098455525634
0.0 0.6315593745028287 0.6057477004790723 0.030018040382739742 0.08199325204171215
0.0 0.47294596314147624 0.6254387162731492 0.03839451832738687 0.09950199999153861
0.0 0.6965330376327878 0.6489013333209273 0.037172344533760796 0.09213519302662068
0.0 0.3930671381294701 0.6841080693582818 0.02628811949690437 0.07600144824241273
0.0 0.5385162393383619 0.550219377068734 0.03106144521749261 0.0553012898099821
