0.0 0.4781250059604645 0.07656249403953552 0.10624998807907104 0.034375011920928955
0.0 0.39921875298023224 0.046875 0.07343748211860657 0.02812504768371582
0.0 0.38359375298023224 0.08906251192092896 0.04218748211860657 0.02187502384185791
0.0 0.4000000059604645 0.109375 0.034375011920928955 0.01874995231628418
0.0 0.44609375298023224 0.13750001788139343 0.07968750596046448 0.028124988079071045
0.0 0.421875 0.16874998807907104 0.059374988079071045 0.02499997615814209
0.0 0.4242187440395355 0.19374999403953552 0.0546875 0.012499988079071045
0.0 0.45000000298023224 0.26171875 0.07187500596046448 0.02656245231628418
0.0 0.43437500298023224 0.32734373211860657 0.04999998211860657 0.020312488079071045
0.0 0.38671875 0.31562498211860657 0.035937488079071045 0.018750011920928955
0.0 0.46562498807907104 0.37421873211860657 0.07187497615814209 0.026562511920928955
0.0 0.4156249910593033 0.3968749940395355 0.05312499403953552 0.018750011920928955
0.0 0.37968748807907104 0.24296873807907104 0.046875 0.01718747615814209
0.0 0.4124999940395355 0.44218751788139343 0.043749988079071045 0.018750011920928955
0.0 0.4273437410593033 0.46171873807907104 0.04843750596046448 0.01406252384185791
0.0 0.42109374701976776 0.4781250059604645 0.04531249403953552 0.012499988079071045
0.0 0.4593750089406967 0.49687501788139343 0.06874999403953552 0.028124988079071045
0.0 0.43437500298023224 0.543749988079071 0.04999998211860657 0.02187502384185791
0.0 0.4710937440395355 0.578125 0.057812511920928955 0.03125
0.0 0.41093750298023224 0.5218749940395355 0.04375001788139343 0.018750011920928955
0.0 0.46562500298023224 0.676562488079071 0.04999998211860657 0.02187502384185791
0.0 0.4749999940395355 0.7125000059604645 0.06562501192092896 0.028124988079071045
0.0 0.4125000089406967 0.676562488079071 0.03749999403953552 0.02499997615814209
0.0 0.44062499701976776 0.7648437321186066 0.05937501788139343 0.026562511920928955
0.0 0.49687498807907104 0.8531250059604645 0.0625 0.034375011920928955
0.0 0.4937499910593033 0.9343750178813934 0.06874999403953552 0.028124988079071045
0.0 0.4124999940395355 0.5671875178813934 0.034375011920928955 0.018750011920928955
0.0 0.4242187589406967 0.5999999940395355 0.04531249403953552 0.025000035762786865
