0.0 0.9364824254342864 0.6266368739240828 0.043068307127256136 0.07642977054174124
0.0 0.7846903000894876 0.6253142276584082 0.028459158325482646 0.057991835500969736
0.0 0.7986075457652841 0.6561658216281702 0.02326832168002042 0.04971604663221028
0.0 0.6926601405151545 0.6107842282573623 0.03345731615833767 0.06498976088362225
0.0 0.6561664744477234 0.5791424356750869 0.04844791869943048 0.07724087149569661
0.0 0.614959805233353 0.5605130735804827 0.03749594706222252 0.07434067649516543
0.0 0.5280338751231567 0.5166926478338041 0.03923011885379761 0.08584186223065364
0.0 0.43469181615776425 0.4242006942361692 0.030389868861588544 0.07951347713600235
0.0 0.32769242648127006 0.3675513207700974 0.05269476340192618 0.12283998697034085
0.0 0.2578680647598023 0.5478393410183438 0.03461342578581057 0.07265718554174967
0.0 0.3240577977618263 0.5558591126036685 0.03018942255597947 0.060750445461398336
0.0 0.40281792524178284 0.599101802607508 0.04210487263720784 0.07004018499557221
0.0 0.4535392166914162 0.6093635796073796 0.03710276328930284 0.05429972485038661
0.0 0.5114551436283654 0.6448889464552936 0.03268657150644518 0.05987811194600594
0.0 0.5787007649426492 0.6550283757517302 0.030382160023290174 0.062028365431573106
0.0 0.6415301688219067 0.6579671146801571 0.02768450978769499 0.04413763516244247
0.0 0.6824458825010384 0.6830874101863289 0.020767265168476177 0.04184580437254315
0.0 0.756414114003803 0.6988148436044852 0.03422029331722838 0.05261624163274146
0.0 0.6157724858238169 0.6828364560049418 0.024994678349438894 0.04373208081757927
0.0 0.5454594447025443 0.6565509872608896 0.023838616351120744 0.03606463952107406
0.0 0.3423873771261483 0.6030595597547005 0.03114118199194804 0.04091228704401058
0.0 0.26532451217524006 0.6352230604140134 0.025765419326148464 0.0488437053810471
0.0 0.22720078305313063 0.5961471840105783 0.03018947386031705 0.060750453197168944
0.0 0.46225200239990566 0.6792927432273852 0.02460930602349274 0.04117625634877111
0.0 0.5984696530022295 0.706366717337142 0.024223933697546586 0.03862043187996296
0.0 0.5734904711234852 0.7078281572202356 0.02345324402517459 0.033508815052265814
0.0 0.5527348480065541 0.7177681913865542 0.019607299284262858 0.025435811675126808
0.0 0.6626478545095245 0.7003601071859631 0.025765470630486044 0.04884371311681779
0.0 0.38857279830400937 0.661648453644697 0.02210830081628643 0.033306021824874764
0.0 0.4086559773062565 0.651607014545494 0.019615059426898764 0.04292093111532678
0.0 0.3310286496985134 0.6555857510244598 0.02460930602349274 0.04117625634877129
0.0 0.5000944642577829 0.701989198917129 0.014998366358911674 0.029736254426422803
