0.0 0.7093750089406967 0.06562500074505806 0.09999999403953552 0.05000000447034836
0.0 0.7195312529802322 0.11874999850988388 0.12343749403953552 0.05937500298023224
0.0 0.6671874970197678 0.16874999552965164 0.07500001788139343 0.02812500298023224
0.0 0.6937500089406967 0.20234374701976776 0.10312500596046448 0.04843750596046448
0.0 0.6507812440395355 0.2750000059604645 0.08906251192092896 0.034375011920928955
0.0 0.6937500014901161 0.3179687410593033 0.11874999105930328 0.04531249403953552
0.0 0.6343749910593033 0.37812499701976776 0.06874999403953552 0.028125017881393433
0.0 0.67578125 0.3999999910593033 0.06093752384185791 0.025000005960464478
0.0 0.6781250089406967 0.4375 0.09999999403953552 0.03750002384185791
0.0 0.6812499910593033 0.48749998211860657 0.11562499403953552 0.043749988079071045
0.0 0.684374988079071 0.5593750178813934 0.09375 0.028124988079071045
0.0 0.6640625 0.617968738079071 0.09062498807907104 0.0390625
0.0 0.6539062410593033 0.65234375 0.09531250596046448 0.0234375
0.0 0.6499999910593033 0.676562488079071 0.08750000596046448 0.02187502384185791
0.0 0.6476562470197678 0.731249988079071 0.08906248211860657 0.03125
0.0 0.6593749970197678 0.7921874821186066 0.11562499403953552 0.028124988079071045
0.0 0.5999999940395355 0.84375 0.078125 0.02499997615814209
0.0 0.6195312440395355 0.8812499940395355 0.06718748807907104 0.025000035762786865
0.0 0.62890625 0.918749988079071 0.07968747615814209 0.02499997615814209
0.0 0.6312500089406967 0.9656250178813934 0.09999999403953552 0.043749988079071045
