0.0 0.9359285779009954 0.5674046215000107 0.03981607113598926 0.06794397080169831
0.0 0.8982232598104798 0.5198788601467331 0.03620143169280095 0.06203292901264392
0.0 0.8276542758006314 0.5884512900080155 0.039650562002406 0.059176624959090506
0.0 0.728071728413014 0.6056795021392538 0.025881625181134637 0.07206304225488536
0.0 0.7601487135663318 0.54075720608294 0.025385164619351207 0.045761005988841405
0.0 0.6230396705998802 0.6127783974916992 0.026074719258004996 0.08229161704969865
0.0 0.5313279897353498 0.6291271632331629 0.03111052342546037 0.07070101683923155
0.0 0.6706928794027189 0.5373298488779165 0.025412749562638302 0.047222234941046805
0.0 0.660994277679898 0.48781362965824504 0.018183470150122626 0.0354001234923139
0.0 0.6197152179414405 0.5295217300873991 0.021632600985866723 0.03254384730938442
0.0 0.5791466742522886 0.5624459610928779 0.023826074652509632 0.05595647535671198
0.0 0.6084161496260562 0.48807533372586354 0.02160501604257945 0.031082618357179202
0.0 0.5698828070371477 0.48953363740694655 0.02179804275434405 0.041311164019588544
0.0 0.4946785441023932 0.4982620431083486 0.021742940232875884 0.038388735247581705
0.0 0.5175943529919558 0.5051381751652709 0.02179804275434405 0.041311164019588544
0.0 0.36030756946372855 0.6688992737593826 0.03483543632896913 0.08245700104595173
0.0 0.24892283703603346 0.5716033812160108 0.029248067499845033 0.06482305260649568
0.0 0.34690495072443167 0.5624449634413943 0.028972152280285535 0.05021081756391101
0.0 0.13659154584559188 0.7491332693977043 0.040257361811198475 0.09132354916333166
0.0 0.45268893515821595 0.5487540275273799 0.023881311378050808 0.058878934522902424
0.0 0.4161079391073785 0.5143627467907447 0.021798109593311032 0.04131116528136829
0.0 0.47235584307149947 0.5228022353457666 0.01136803014746306 0.04549636397656807
0.0 0.3224372215962446 0.5197854001867213 0.027082111411383104 0.04287162437896956
0.0 0.3780297462412201 0.5399312306360311 0.02908249205343392 0.056055733372732064
0.0 0.2866975965783121 0.5299614346377141 0.025578258170082614 0.05598955291303058
0.0 0.12354087310156085 0.6148991544524177 0.03965056147626693 0.0591765970884663
0.0 0.19953181680233062 0.5549948535927692 0.021908449366459238 0.04715608109018961
0.0 0.21715693376528855 0.5137332900796767 0.02004599344084399 0.04127811685745364
0.0 0.09735578196627175 0.5276888407662302 0.025578258170082656 0.05598955291303067
0.0 0.018129796862902985 0.5554958445369781 0.027385544735262855 0.05894508711198014
0.0 0.006674455884762054 0.5931539653084571 0.013348911769524107 0.0692397866252465
