0.0 0.4744071153819668 0.47742595008584365 0.03931144584945123 0.03551890997814091
0.0 0.19014837024971903 0.11019297657825819 0.14546921975019528 0.06815452969288203
0.0 0.2975958900061764 0.2161464263599012 0.10192783936842678 0.06102445766706353
0.0 0.3387928037694681 0.3249048329512195 0.0901597263057404 0.04409074970092917
0.0 0.39426500062683595 0.4213692229882211 0.08319139501023454 0.0514828551090047
0.0 0.4413158517830447 0.5905752332796375 0.07854579601939235 0.05641087938313305
0.0 0.4578922253396346 0.6899755491789928 0.07030042431780492 0.04309459449933719
0.0 0.4825555623949075 0.7380242648304606 0.07644595564730867 0.04576838962327194
0.0 0.3428516435378454 0.13771650099554392 0.07374601425221194 0.032085066008923135
0.0 0.5012709353674513 0.5866431032179305 0.05156391562974934 0.03355293744371508
0.0 0.41369179335940237 0.2658988098148308 0.05740945648626923 0.03470634838898943
0.0 0.41766028785117604 0.2398428927721712 0.05508666271263589 0.03717038952469327
0.0 0.41221773043512727 0.17378569695562585 0.050663959945714335 0.02899186465399306
0.0 0.3947070977146111 0.0927345726455551 0.061532116609142394 0.0413644962055754
0.0 0.42657615104441027 0.3581298689815565 0.0705618362165489 0.03730148839230152
0.0 0.4956398802616594 0.5119355566769503 0.05680946197118031 0.03166564702846601
0.0 0.42715261012445704 0.3264250286373083 0.05156392135153709 0.033552966442354795
0.0 0.4418007467922262 0.3006312133337211 0.04774119523924218 0.028415188179995533
0.0 0.44054478063268687 0.43277187058849165 0.06033217259779429 0.03528305011168289
0.0 0.48888595645022265 0.4469268711876121 0.0526867425250078 0.02500747008812656
0.0 0.32058397315771164 0.07103021450598507 0.07494601658107629 0.03816653612915204
0.0 0.31906236916997077 0.17874017884372176 0.08371426740266955 0.03989661764623738
0.0 0.40660299478797296 0.4915943163616177 0.07966865078824181 0.0478654175273463
0.0 0.3786958004331109 0.28859949801065204 0.07726875847420463 0.03570250359058154
