0.0 0.8040348922757049 0.40714865690688445 0.0453842946478626 0.07330794081916978
0.0 0.7862330466263712 0.46138161118189325 0.04131877734106108 0.06690596782456426
0.0 0.7148353048174995 0.40790657330261426 0.04339340208888096 0.06464939133569256
0.0 0.6333109109992809 0.4106981873730861 0.03542669910493714 0.07511876268202489
0.0 0.6739241816667096 0.4682128234998363 0.029454041013540433 0.04914311873495736
0.0 0.5500018159174745 0.42453584384149784 0.03774940052862234 0.08522040658223426
0.0 0.47480438526223195 0.42663236133093774 0.039202280269802256 0.0746200667630232
0.0 0.605259941276844 0.48931883954419425 0.029785856406760125 0.05058621465281092
0.0 0.6096959912016405 0.5399579587062064 0.021654828521337332 0.03778224414107747
0.0 0.5675460894179732 0.5071068175612693 0.023729446540976883 0.03552569217472827
0.0 0.5280716376481682 0.4827568060490357 0.03040762792679246 0.05892993194034801
0.0 0.56878801049181 0.5501237351142516 0.02339763114775728 0.03408259625687471
0.0 0.5385012658042866 0.556327961974999 0.025720352356654885 0.04418421863680431
0.0 0.4779696325312206 0.5626492701421739 0.025056727899067786 0.041298054325862574
0.0 0.49410925234481284 0.5513412970552525 0.025720352356654885 0.04418421863680422
0.0 0.33233439338402065 0.421406280023542 0.044595019778721226 0.08679444044595837
0.0 0.2693271876314048 0.5392119292058711 0.03650591684419498 0.06853290744632101
0.0 0.34765749157009657 0.5287981335455277 0.033187723341573785 0.0541019913083451
0.0 0.13914696514330335 0.38681839335669826 0.050693276253206965 0.09639738242268044
0.0 0.43314430368332957 0.5212969795976649 0.031071284827296354 0.06181612978054059
0.0 0.4130406798148297 0.5623847110646739 0.025720352356654885 0.04418421863680431
0.0 0.4546960300284538 0.5429307713274378 0.018501038661716863 0.04662463582733638
0.0 0.33896273704126895 0.5756192265855462 0.030159544522746894 0.04657173607378935
0.0 0.3772790163471976 0.544777948615274 0.03451498491445228 0.059874374979759185
0.0 0.30873880776674845 0.5726926917021292 0.031776762222438124 0.05924474111488696
0.0 0.16145909090478602 0.5214715851585782 0.04339340881706111 0.06464936681317006
0.0 0.2349733529342192 0.5653436322683802 0.02704761392953343 0.04995660230821839
0.0 0.2586399939547994 0.6024446852606236 0.02435125050392615 0.043869442991516114
0.0 0.1622001335904657 0.6124643066003133 0.03177676222243804 0.05924474111488678
0.0 0.09393211945965788 0.6008124505769251 0.033809501190458335 0.0624457361206475
0.0 0.06904129925719985 0.5677913403809842 0.038870412648453326 0.07317695883619849
