0.0 0.9750000238418579 0.6968750059604645 0.046875 0.09999996423721313
0.0 0.9234375059604645 0.5906250178813934 0.034375011920928955 0.07499998807907104
0.0 0.84375 0.6265625059604645 0.02812504768371582 0.06562501192092896
0.0 0.8187499940395355 0.706250011920929 0.050000011920928955 0.08749997615814209
0.0 0.8062499761581421 0.5499999821186066 0.03125 0.06562501192092896
0.0 0.7593750059604645 0.54296875 0.025000035762786865 0.05156254768371582
0.0 0.7718749940395355 0.6187499761581421 0.028124988079071045 0.0625
0.0 0.7445312440395355 0.6624999940395355 0.026562511920928955 0.08125001192092896
0.0 0.6820312440395355 0.640625 0.026562511920928955 0.05937504768371582
0.0 0.663281261920929 0.555468738079071 0.02968752384185791 0.06093752384185791
0.0 0.65625 0.723437488079071 0.03437495231628418 0.09375
0.0 0.5906250178813934 0.6343749761581421 0.028124988079071045 0.0625
0.0 0.5414062440395355 0.6375000178813934 0.032812535762786865 0.08125001192092896
0.0 0.61328125 0.5687499940395355 0.0234375 0.050000011920928955
0.0 0.5625 0.561718761920929 0.02187502384185791 0.0546875
0.0 0.503125011920929 0.7281249761581421 0.03125 0.09375
0.0 0.4828124940395355 0.6109375059604645 0.028124988079071045 0.06562501192092896
0.0 0.4507812559604645 0.578125 0.026562511920928955 0.06562495231628418
0.0 0.4195312261581421 0.6468750238418579 0.0234375 0.078125
0.0 0.38749998807907104 0.6468749940395355 0.02499997615814209 0.059374988079071045
0.0 0.36249998211860657 0.5796874761581421 0.028124988079071045 0.046875
0.0 0.32343748211860657 0.6500000059604645 0.028124988079071045 0.07499998807907104
0.0 0.2874999940395355 0.6062500178813934 0.021874964237213135 0.07499998807907104
0.0 0.22968748211860657 0.660937488079071 0.028124988079071045 0.08749997615814209
0.0 0.1328125 0.6000000238418579 0.02499997615814209 0.0625
0.0 0.10624998807907104 0.7054687440395355 0.03750002384185791 0.07343751192092896
0.0 0.25703123211860657 0.5906250178813934 0.020312488079071045 0.06562501192092896
0.0 0.03593751788139343 0.640625 0.034375011920928955 0.0625
0.0 0.38749998807907104 0.746874988079071 0.03750002384185791 0.09375
0.0 0.20000001788139343 0.774218738079071 0.034375011920928955 0.1015625
0.0 0.012499988079071045 0.8265624940395355 0.02499997615814209 0.09999996423721313
