0.0 0.9397341615713704 0.4514190002590544 0.04102257168209107 0.07972328514758864
0.0 0.9264317598924287 0.375608671857628 0.030415249332222772 0.054261905355644215
0.0 0.8938873151862079 0.4124098737063151 0.0284619040351096 0.07066229151411943
0.0 0.8366220899180974 0.46985097740960546 0.029966025571770416 0.07075795470739435
0.0 0.8594774974472001 0.43104546467912197 0.025453606936903482 0.07047101422287065
0.0 0.8284522961520089 0.39644933946284683 0.02325578677208142 0.035904987168398336
0.0 0.8306940745981489 0.3611919623308625 0.026176228039756035 0.03471362069654571
0.0 0.7618400550016025 0.4227550166721846 0.033335631544598066 0.053070508863674794
0.0 0.7297448602298742 0.47624359019404583 0.041286311309169224 0.08387122738182562
0.0 0.6906618678026385 0.42586455478450846 0.03412684707222278 0.06551428282277376
0.0 0.6375622093401068 0.5009234045384872 0.04075883205501274 0.07557534291335175
0.0 0.7626559969324358 0.36241880296900586 0.023167873563055254 0.034522339756986
0.0 0.7285099171437011 0.37690647807938177 0.02740695223401657 0.05407062806439535
0.0 0.6689692245060076 0.38700300686378425 0.020862936161942524 0.045392192661734665
0.0 0.6477793332219222 0.38773802740456875 0.026967445244185928 0.047157421027450665
0.0 0.6217350020081474 0.4173172758165977 0.024574537255552097 0.05664462287247609
0.0 0.5878087052419779 0.42834833239844283 0.02854987629943544 0.07204496894564852
0.0 0.5079078284548876 0.5211383021077245 0.038190099325132024 0.08229727630735857
0.0 0.5339672528537837 0.4200661143569146 0.024750363673604347 0.059409917695300685
0.0 0.49610957532504896 0.4454236123519224 0.030591074073470014 0.05702717380666282
0.0 0.42612778306510213 0.4534680514015029 0.027934429811368133 0.06236648616106333
0.0 0.37542649758865326 0.4433031395341052 0.027231181517654156 0.05130531051807567
0.0 0.45048733998171037 0.41475816413074096 0.020062062918995593 0.0563577051114474
0.0 0.3469055404102992 0.5830893247695854 0.04703911017681377 0.08010586245358135
0.0 0.397920595404732 0.3864276359149966 0.025727004279303765 0.05120967004829584
0.0 0.314313002921785 0.5018877817609215 0.03713514417042898 0.06570556011402262
0.0 0.2858812329088384 0.4265036897670127 0.027758660771810727 0.05960119498654955
0.0 0.22781033339096482 0.4609877314169033 0.03120646485984757 0.0667056793147431
0.0 0.20406073095253233 0.5851126330526403 0.0405733479216386 0.09621933449933859
