0.0 0.01960449540478206 0.5037986764028739 0.03920899080956412 0.088847132380572
0.0 0.0632953258456939 0.5153788971406181 0.05913827063981945 0.08374445925853155
0.0 0.11058506177775365 0.5010111948945812 0.04245863743891378 0.061764015459551125
0.0 0.17437127176546124 0.494234712357529 0.04769849646988926 0.06298351733821361
0.0 0.21706700300115803 0.49572855940339855 0.0556450212904259 0.08293149403572028
0.0 0.24882036012779696 0.4937176019801804 0.03748097592472179 0.05457272377338525
0.0 0.2764519634230999 0.4819078242054683 0.04160269644198848 0.06518453949401551
0.0 0.3121438834201674 0.48099739002585445 0.0360659711681202 0.06268939450143618
0.0 0.3249388730780546 0.441038644017239 0.03339395211595564 0.051208393513601444
0.0 0.36370378831505545 0.47706635057635083 0.04605600789303983 0.08431953632883475
0.0 0.40430393743256604 0.46560027787260505 0.03807474738725487 0.05712404208585049
0.0 0.43595316262561623 0.4394078724752264 0.04100891931677699 0.0626331968501435
0.0 0.40719564912482004 0.4266015930639934 0.029569147812685694 0.04187223253672494
0.0 0.4919143115890917 0.4425210997906103 0.049252366013988615 0.08385685262281077
0.0 0.5219826865875441 0.42140325211144364 0.026739082996700782 0.05810560714919131
0.0 0.5465664536656961 0.4123199252210794 0.04104362168795568 0.06988070664239672
0.0 0.5657965783256623 0.4118787614207079 0.03052921258018264 0.06019424175563244
0.0 0.5977503999763032 0.42259639352392986 0.051854913695656625 0.08084281851969025
0.0 0.630176557110064 0.4076536234658338 0.03695666450732844 0.06651639188906197
0.0 0.6979803806670015 0.3864945152444211 0.038703254535036355 0.06692287794379333
0.0 0.7452084490669992 0.39164021601206345 0.05973207275058288 0.08629580771732184
0.0 0.8045143671186569 0.393302627803792 0.04189961831866338 0.06646021856917601
0.0 0.8329498773424907 0.36516860830877196 0.036031274459619664 0.055441909040589724
0.0 0.8737948642971778 0.34288747298041794 0.04219644025313052 0.06773587438466286
0.0 0.9175991184073699 0.364967124095671 0.05505127747928355 0.08038015914507288
0.0 0.9972694642242477 0.3409840868774439 0.005461071551504659 0.09661350942613249
