0.0 0.8237111639304919 0.33444890249185544 0.042041551486950726 0.08809260147465663
0.0 0.782441891191145 0.3620254954842591 0.041697084359758385 0.08255653555849829
0.0 0.7401718645499942 0.3611822044065572 0.029700487542310673 0.06113023715184993
0.0 0.6863997239570707 0.37286426363183367 0.03428828177158616 0.06141572686555774
0.0 0.6519586588310611 0.38681694303183667 0.038638540596260554 0.08236625202062253
0.0 0.6255410041450846 0.3940181982728296 0.026211382362062708 0.05401988247921352
0.0 0.5999637150726234 0.3900521915234988 0.028429584030876053 0.06518714265461165
0.0 0.5706167123375642 0.3995197850073359 0.02375568904122005 0.06351766046756109
0.0 0.549897347641862 0.36260122543603535 0.022980610273882894 0.05106153343951299
0.0 0.5275494040987897 0.41053576422129157 0.02972133390998426 0.0859473601424761
0.0 0.49148255162113913 0.4106958618934626 0.026383614693750168 0.056787895638806596
0.0 0.4589270205559835 0.393270342315465 0.028257350056643826 0.06241910309703713
0.0 0.4790880222258401 0.3718699596804355 0.02084855311802203 0.04127826845984628
0.0 0.41408252359609127 0.4127331450082942 0.032693755036815465 0.08475364984581488
0.0 0.38412231769167604 0.40000892204002236 0.015937111424663985 0.060273873602653086
0.0 0.3617326676503385 0.3979286136160791 0.027244781279822307 0.07062804063071618
0.0 0.3459337656131437 0.4030797799972975 0.01908176488318265 0.061848176465584756
0.0 0.32262815259479527 0.423286449613277 0.03549391302103313 0.08079189817665329
0.0 0.292333866286548 0.41752987832641714 0.024014067528404803 0.06766969522086703
0.0 0.23158349099302553 0.41575242426929543 0.02554330741699733 0.0677648481470043
0.0 0.19438531097089312 0.4347394682707263 0.04186934021027651 0.08532457647726721
0.0 0.1464392465718766 0.4537005687413623 0.02851573018637348 0.0665711642483247
0.0 0.11600538429667659 0.43336426429520464 0.024768259460586382 0.055308749331863624
0.0 0.07695569562172584 0.4225949886446353 0.028601788836727326 0.06795518039726045
0.0 0.046907961576866594 0.4578095736482424 0.038466335790409256 0.07959821427797369
