0.0 0.07270816417662382 0.5907573694423881 0.049130675785822885 0.10094384564798373
0.0 0.20581913319747275 0.5946475409427361 0.04298932941980538 0.08832579038311791
0.0 0.07113913408478288 0.493912015844806 0.04357928884725528 0.06448864886489165
0.0 0.31972843291143 0.5866399955964654 0.035131690493013144 0.0891792341241631
0.0 0.1818302685850038 0.4862541474727088 0.02966079405009232 0.06809795532955709
0.0 0.20935893101269362 0.49986912578630316 0.024753052153424316 0.05219956161078061
0.0 0.28353745488425297 0.523273303570319 0.030599423153447082 0.07673612298135594
0.0 0.25456050629226235 0.4363983193697704 0.03212802754100101 0.061537085712122505
0.0 0.33093814951057315 0.4875320525565864 0.02483352781510284 0.0675734128615332
0.0 0.42862274087656116 0.5774293184782331 0.03805487778334671 0.1014475312854513
0.0 0.5206620141860132 0.5779162785726093 0.03853756024856549 0.09125659806252884
0.0 0.6544836389911488 0.5808552253562672 0.042131179558773546 0.09506150693407252
0.0 0.8233966442610686 0.607075588135223 0.04231891274528952 0.0967891803403262
0.0 0.951036690240314 0.5905838347893122 0.0427748133473493 0.11561827621265541
0.0 0.5909651096107315 0.4907414714138449 0.026818094186151598 0.07120347813448484
0.0 0.40310528185093036 0.4849342989160542 0.034970739169656095 0.05843153162265802
0.0 0.35110513866058557 0.4259075285691674 0.02209810082135828 0.057032759489425724
0.0 0.30198803605312796 0.4233785839490648 0.024002164420655437 0.04528900312869766
0.0 0.4214754731105531 0.42175697974043863 0.025798946965686388 0.047191487181542514
0.0 0.461058821702629 0.4489203532554232 0.024940778178651434 0.05392716911303248
0.0 0.48653584709559816 0.42867162841930523 0.024565349657625822 0.05047189153945499
0.0 0.5079366736012476 0.46829896323779785 0.03126986233461047 0.06827280059561325
0.0 0.5409227499054954 0.46471461610781295 0.02966080939545108 0.06809795699702122
0.0 0.558461655339027 0.4313441997973628 0.026067179343309554 0.06429294926947486
0.0 0.6504205116291537 0.4685485966243064 0.02966080581480659 0.06809792404502027
0.0 0.7101440331626997 0.411365961843382 0.02767623586311334 0.06446782582006785
0.0 0.7319739855685389 0.49989157580443316 0.032878918854414074 0.06844767714620632
0.0 0.8160482631188983 0.4645353832618434 0.03475620417119689 0.08572398283273071
0.0 0.7718790166345154 0.4326262057179007 0.03287891169312527 0.06844761124220451
0.0 0.5953765605696726 0.4264589167739155 0.03081395457126197 0.049443638819282223
0.0 0.38763122980959264 0.43242671914495395 0.02381443839542836 0.04356139562644588
