0.0 0.8390624821186066 0.4468749910593033 0.034375011920928955 0.06874999403953552
0.0 0.78125 0.3843750059604645 0.03437495231628418 0.034375011920928955
0.0 0.7843749821186066 0.45624999701976776 0.028124988079071045 0.06562498211860657
0.0 0.7132812440395355 0.46796876192092896 0.029687464237213135 0.07656252384185791
0.0 0.6851562559604645 0.40234375 0.026562511920928955 0.042187511920928955
0.0 0.6624999940395355 0.37968750298023224 0.018750011920928955 0.04062500596046448
0.0 0.606249988079071 0.390625 0.015625 0.046875
0.0 0.58203125 0.3617187589406967 0.02031254768371582 0.04531249403953552
0.0 0.5531249940395355 0.36249999701976776 0.021874964237213135 0.028125017881393433
0.0 0.516406238079071 0.3531249910593033 0.0234375 0.04062500596046448
0.0 0.6468750238418579 0.4742187559604645 0.03125 0.08906251192092896
0.0 0.6062500178813934 0.5 0.028124988079071045 0.08749997615814209
0.0 0.5250000059604645 0.40937499701976776 0.025000035762786865 0.04375001788139343
0.0 0.4937500059604645 0.5179687589406967 0.034375011920928955 0.09531250596046448
0.0 0.37890625 0.5804687440395355 0.03281247615814209 0.10781246423721313
0.0 0.21875 0.590624988079071 0.03437495231628418 0.1312500238418579
0.0 0.41015625 0.4242187589406967 0.0234375 0.06406250596046448
0.0 0.33906251192092896 0.41875000298023224 0.02499997615814209 0.07500001788139343
0.0 0.25 0.45624999701976776 0.02499997615814209 0.07500001788139343
0.0 0.16874998807907104 0.42109374701976776 0.03125 0.07968750596046448
0.0 0.27812498807907104 0.390625 0.015625 0.050000011920928955
0.0 0.13750001788139343 0.3812499940395355 0.034375011920928955 0.059374988079071045
0.0 0.19062501192092896 0.3531250059604645 0.02187502384185791 0.050000011920928955
0.0 0.4765625 0.3984375 0.02499997615814209 0.0625
0.0 0.453125 0.37968750298023224 0.02187502384185791 0.04999998211860657
0.0 0.9828125238418579 0.4937500059604645 0.03125 0.10624998807907104
