0.0 0.53125 0.03125 0.0625 0.03437495231628418
0.0 0.40625 0.04062500596046448 0.11874997615814209 0.034375011920928955
0.0 0.5421874970197678 0.08359375596046448 0.05625000596046448 0.020312488079071045
0.0 0.5656249970197678 0.13437500596046448 0.04999998211860657 0.018750011920928955
0.0 0.5578124970197678 0.1171875 0.03749999403953552 0.015625
0.0 0.5249999910593033 0.17421874403953552 0.05625000596046448 0.020312488079071045
0.0 0.47343748807907104 0.13750001788139343 0.078125 0.034375011920928955
0.0 0.46875 0.25 0.08437502384185791 0.02812504768371582
0.0 0.48125000298023224 0.37187501788139343 0.07187500596046448 0.028124988079071045
0.0 0.53125 0.32734373211860657 0.046875 0.020312488079071045
0.0 0.5812499970197678 0.15937501192092896 0.03437498211860657 0.015625
0.0 0.5843750089406967 0.24687498807907104 0.05312499403953552 0.015625
0.0 0.5656249970197678 0.28125 0.04375001788139343 0.015625
0.0 0.5874999910593033 0.3218750059604645 0.03749999403953552 0.018750011920928955
0.0 0.4976562559604645 0.48750001192092896 0.07343751192092896 0.02499997615814209
0.0 0.49687500298023224 0.5687499940395355 0.06562498211860657 0.025000035762786865
0.0 0.49687500298023224 0.69921875 0.06562498211860657 0.02031254768371582
0.0 0.5718749910593033 0.4468750059604645 0.04062500596046448 0.018750011920928955
0.0 0.5593750029802322 0.606249988079071 0.05625000596046448 0.02499997615814209
0.0 0.4937500059604645 0.8312499821186066 0.06874996423721313 0.034375011920928955
0.0 0.503125011920929 0.903124988079071 0.07187497615814209 0.02499997615814209
0.0 0.5578124970197678 0.7367187738418579 0.05937501788139343 0.0234375
0.0 0.5437500029802322 0.543749988079071 0.05625000596046448 0.02187502384185791
0.0 0.58203125 0.5187499821186066 0.051562488079071045 0.018750011920928955
0.0 0.5343749970197678 0.667187511920929 0.04999998211860657 0.015625
0.0 0.5843749940395355 0.6734375059604645 0.043749988079071045 0.018750011920928955
0.0 0.5656249970197678 0.571093738079071 0.04999998211860657 0.0234375
