0.0 0.4273718278201185 0.9851468066518757 0.07523615288908596 0.029706386696248543
0.0 0.4074436027941733 0.9576286546607067 0.06161711144722837 0.024160233471984684
0.0 0.3604520648589265 0.8915539479625142 0.039135828945662254 0.016549917091337817
0.0 0.40791620634950865 0.8044560456526423 0.04832367865025171 0.023494425580227497
0.0 0.44087579960695694 0.8712335404107436 0.0634197751312077 0.03073487546214615
0.0 0.43571313241802023 0.7533719101712968 0.07367770370219269 0.029627555279026118
0.0 0.3626160658851521 0.8165003423143146 0.03618172119620633 0.01640197809793058
0.0 0.38509247667320257 0.7330978008743404 0.05447605463005702 0.028665853901650263
0.0 0.4273115018654542 0.6299701642207403 0.07220064788684732 0.029553547035312634
0.0 0.38380208721744724 0.6777681233020327 0.04217130422294026 0.018323028256412677
0.0 0.4310399495729783 0.5418042568768672 0.06497822431810105 0.032434010792114165
0.0 0.40074849792052697 0.5726477632272043 0.054313289849452495 0.025415477149708376
0.0 0.39249178091580744 0.49648684514528635 0.054476081250030006 0.028665824315040923
0.0 0.4206609550169394 0.4380524709164977 0.048405104075501096 0.02511963157150019
0.0 0.4306052519643856 0.4000817866532578 0.06940935893418869 0.032655941119432444
0.0 0.3747503475766642 0.43790798120697677 0.030761903414011905 0.025857050025288507
0.0 0.40510038901822415 0.3638865802391676 0.05726737020268864 0.025563430230920982
0.0 0.44634268222198514 0.24125690638448466 0.0723634674598916 0.03280389561164361
0.0 0.441988016023984 0.15431047688982882 0.07523615366533294 0.031326706107797885
0.0 0.3930018896521467 0.654497947531287 0.0480794931018794 0.01861893582983649
0.0 0.35610124319718517 0.9923155980643532 0.03511164232981079 0.01536880387129358
