0.0 0.2361278439176086 0.628410218627409 0.041745578244736105 0.10836708100170034
0.0 0.25275017523389537 0.5276198519926746 0.03425005450703944 0.06462702114633734
0.0 0.33456067044800214 0.5322518666497474 0.027949906559406924 0.06570466742406192
0.0 0.3357945945132352 0.6616358569397611 0.031008603726799498 0.09285907644359037
0.0 0.3588436497890342 0.5505698516701579 0.02213494280755377 0.05968770571469175
0.0 0.4043931721304532 0.4970361877078443 0.02774600975890724 0.06389440260283763
0.0 0.44244719554518464 0.4866564882071492 0.021319290426261885 0.05244650272588869
0.0 0.39947814261782943 0.5991452351485698 0.02840697094094118 0.09256602734935634
0.0 0.4789472578523018 0.5017674719214593 0.026522535076288278 0.05303263264824798
0.0 0.42278371370603873 0.6787674291301928 0.03531884650658616 0.09691917972738953
0.0 0.5088025133917535 0.6811235821747611 0.04044477425731152 0.1082205578519451
0.0 0.45209424412965593 0.564740180033491 0.02335838878984493 0.0705494383459433
0.0 0.5309164332782077 0.5140376945441891 0.028027260675221478 0.0549894234139507
0.0 0.5524465750027606 0.5567946684985378 0.027056903951619127 0.06917874297398478
0.0 0.578065424495842 0.7035914747736925 0.03613453147752468 0.10416045456814568
0.0 0.5783714307002026 0.5312992644288397 0.021727116616907783 0.056067104220290265
0.0 0.5895724260421241 0.5838922889071221 0.025805362966092017 0.0922729810498459
0.0 0.6894395001302553 0.7381358664426695 0.04044477425731152 0.1082205578519451
0.0 0.6539520325071384 0.6204762457793372 0.02458188439415405 0.08141117656664143
0.0 0.617729732434265 0.5678146971464967 0.023970148997504027 0.07598030885365396
0.0 0.6383880597338336 0.5481425125718153 0.02233885590287681 0.06149800646189245
0.0 0.6697727589437513 0.5443446383335896 0.021038060431637896 0.06135145018088393
0.0 0.7609701969583269 0.5592003330445708 0.025552224085385156 0.06722192326911366
0.0 0.768757412109992 0.6654900714878202 0.026979607974008245 0.0798939594422893
0.0 0.8190143158195576 0.8040625716088503 0.04044477425731152 0.1082205578519451
0.0 0.915197039831878 0.8038970544676708 0.04289167400053131 0.12994409217167782
0.0 0.8313721728419065 0.6358777741260171 0.034784456709565245 0.08077310113554441
0.0 0.8075462516796564 0.5901123330878868 0.025552220196066244 0.06722188874049895
0.0 0.6981796161896662 0.62545806081825 0.029785100343852556 0.08199726916566252
0.0 0.7216926884001313 0.5804417838381867 0.02392087359010233 0.05273954623067585
