0.0 0.02421875041909516 0.7781250178813934 0.0359375006519258 0.11250001192092896
0.0 0.14999999850988388 0.7203124761581421 0.04375000298023224 0.078125
0.0 0.26875001192092896 0.7046875059604645 0.03125 0.06874996423721313
0.0 0.37187500298023224 0.6875 0.025000005960464478 0.06562495231628418
0.0 0.4375 0.680468738079071 0.034375011920928955 0.0546875
0.0 0.5218749940395355 0.675000011920929 0.025000035762786865 0.05312502384185791
0.0 0.625 0.68359375 0.02187502384185791 0.04218745231628418
0.0 0.660937488079071 0.6648437678813934 0.02499997615814209 0.051562488079071045
0.0 0.032812499441206455 0.6109375059604645 0.03124999813735485 0.059374988079071045
0.0 0.07343750074505806 0.6687500178813934 0.02499999850988388 0.06562501192092896
0.0 0.10781250149011612 0.6843750178813934 0.02812500298023224 0.07499998807907104
0.0 0.24062500149011612 0.667187511920929 0.01874999701976776 0.0625
0.0 0.125 0.6124999821186066 0.021874994039535522 0.043749988079071045
0.0 0.16250000149011612 0.6468749940395355 0.024999991059303284 0.021874964237213135
0.0 0.20156249403953552 0.6156250238418579 0.015625 0.046875
0.0 0.22109375149011612 0.6335937678813934 0.02656249701976776 0.042187511920928955
0.0 0.5460937321186066 0.6265625059604645 0.020312488079071045 0.050000011920928955
0.0 0.45000000298023224 0.6296875178813934 0.021874994039535522 0.043749988079071045
0.0 0.29609374701976776 0.6312499940395355 0.026562482118606567 0.043749988079071045
0.0 0.2679687440395355 0.6171875 0.020312488079071045 0.04375004768371582
0.0 0.4156250059604645 0.5999999940395355 0.015625 0.034375011920928955
0.0 0.4781249910593033 0.609375 0.025000005960464478 0.03437495231628418
0.0 0.4898437410593033 0.6585937738418579 0.017187505960464478 0.0390625
0.0 0.3343750089406967 0.6375000178813934 0.025000005960464478 0.059374988079071045
0.0 0.3499999940395355 0.6117187440395355 0.012499988079071045 0.045312464237213135
0.0 0.3968749940395355 0.6265624761581421 0.018750011920928955 0.03125
0.0 0.3843749910593033 0.6281249821186066 0.009375005960464478 0.028124988079071045
