0.0 0.8496969263184659 0.6018897921539654 0.030572927812938567 0.06279879230788196
0.0 0.8473908711376662 0.47837009684694254 0.032961607182877904 0.11823499223144376
0.0 0.8067196808158489 0.6108372313100927 0.01888617854959538 0.05614708624499114
0.0 0.7644806554375194 0.6321585154302637 0.01735172570159609 0.04993280086579412
0.0 0.778771835725257 0.6250605342215347 0.01428283463922444 0.037504289371217504
0.0 0.7338453353343274 0.590726863856582 0.018886178549595557 0.056147086244991054
0.0 0.7658573610336467 0.5411953336225122 0.031236448208344213 0.07819774317472765
0.0 0.6746856608182985 0.5326386062731708 0.026425697797543713 0.08413862152815454
0.0 0.5751698587062609 0.5406926283847151 0.02589490371661256 0.07181944420279204
0.0 0.6092141831584762 0.5915276857131342 0.018488077254043132 0.046907710333020616
0.0 0.743512523039365 0.6466825656007194 0.014150129751353902 0.034424487436344096
0.0 0.6723136784110912 0.6467002147397095 0.014946344444950022 0.05290323978176677
0.0 0.6451910604886752 0.6270184730974913 0.014548244414965338 0.04366389324096422
0.0 0.6112671312164851 0.647155284497208 0.016820920783741044 0.03761365239011809
0.0 0.4805643363037107 0.5528151137455869 0.023423170016031315 0.07324998215132812
0.0 0.4146075269205708 0.5492017357215643 0.02309143200133832 0.06555047835710778
0.0 0.3086428297692264 0.5446358468913534 0.01928432698954676 0.06538643487171987
0.0 0.5104075946237703 0.627381829496561 0.016953625671611405 0.040693454324991406
0.0 0.3814965265784188 0.6094851884376954 0.022693271458895437 0.05631112920889754
0.0 0.20154181800569376 0.536935490345366 0.03083834564722445 0.06895833789158887
0.0 0.14276794112861735 0.5436595267307711 0.02335679210154502 0.07171005076976034
0.0 0.27559815766602636 0.6033793975970848 0.021556957479490935 0.059336250677283785
0.0 0.43292157773710205 0.5962734895399727 0.020155233724345488 0.05620176827592305
0.0 0.45160056572970964 0.6348758174086474 0.01741809024802308 0.05147270235471222
0.0 0.333065651501489 0.5827142895043916 0.014813651659571247 0.04982343836837515
0.0 0.32586623343770055 0.6317722045549354 0.017086329293914383 0.04377322688869691
0.0 0.40978447827163256 0.6168750922055726 0.02115884281587945 0.05009684487266357
