0.0 0.19844618863824467 0.40789080948246925 0.03543253910969883 0.0586452502611543
0.0 0.27040500170614185 0.4179153243177899 0.031398642744972706 0.05271235380602981
0.0 0.2506831977494658 0.3739895117962767 0.03208026719814585 0.04609368882656071
0.0 0.3253698680395755 0.45418792178214246 0.03273394255763327 0.06229751490233406
0.0 0.3513166723212803 0.39359217193089374 0.030554279932785856 0.03513927992801733
0.0 0.3731355150758677 0.3805791474185563 0.03150806187486834 0.041985797450842986
0.0 0.3841498933346471 0.4630744535007031 0.03695858876167515 0.06959966785071865
0.0 0.42780286678632073 0.4907918004612453 0.035895398604865125 0.07347978503525487
0.0 0.4333195151994171 0.39733859500842195 0.022949409085116022 0.03810803048288989
0.0 0.460793651335446 0.3676649208277648 0.0225678361047005 0.035369430453173534
0.0 0.47126249116228563 0.4361254391666172 0.03794037854567005 0.05362367689193119
0.0 0.48990453117891564 0.38009560114164104 0.0230587585516167 0.02738141320189875
0.0 0.5296228921791808 0.537779381696265 0.04224637365107853 0.0730217732757211
0.0 0.5174626632857633 0.4216233912006251 0.027855617355714735 0.03879150976078431
0.0 0.56344538384689 0.42663331800082827 0.0345601611788207 0.06389463262997168
0.0 0.6432050345335043 0.6080416511747361 0.03107052832046513 0.08489217084059061
0.0 0.6236280723939781 0.40151625492633175 0.021313943941633617 0.037880195365904076
0.0 0.6978645791718059 0.466995248922273 0.03436934531449953 0.06252534132829882
0.0 0.7539792620625695 0.6625580671387159 0.04469819740322478 0.11364521686972404
0.0 0.7935791219352185 0.51592402031409 0.025238424814853565 0.054539674293606934
0.0 0.6301990982389357 0.46803790283990343 0.02889086569561785 0.057733935866273976
0.0 0.8631661724924046 0.5130552340758697 0.034941675411009496 0.06663325008605873
0.0 0.9098699373099585 0.47698720907552944 0.03360637923673835 0.057048115107146115
0.0 0.7716216066573672 0.45214445857902164 0.03208032958476208 0.046093697517581765
0.0 0.8681792354882031 0.441167953422611 0.024966326074171086 0.041074474364941604
0.0 0.5270284923676951 0.3768920344811875 0.02382178701599429 0.032858648114072596
0.0 0.5890119854728673 0.41065269627002865 0.02611086149395856 0.04929027449841898
