0.0 0.09999999776482582 0.5632812529802322 0.03750000149011612 0.06718751788139343
0.0 0.14609374850988388 0.6187500059604645 0.029687508940696716 0.0625
0.0 0.21796874701976776 0.5656249970197678 0.029687494039535522 0.06562498211860657
0.0 0.3148437440395355 0.5625 0.026562511920928955 0.07187497615814209
0.0 0.28046876192092896 0.6070312559604645 0.0234375 0.051562488079071045
0.0 0.4156250059604645 0.5656249970197678 0.03125 0.09062501788139343
0.0 0.5023437589406967 0.5593750029802322 0.03281250596046448 0.06562498211860657
0.0 0.3656250089406967 0.609375 0.025000005960464478 0.046875
0.0 0.37187500298023224 0.653124988079071 0.018749982118606567 0.03125
0.0 0.6585937440395355 0.5476562529802322 0.035937488079071045 0.08281251788139343
0.0 0.859375 0.5156250149011612 0.03125 0.09687498211860657
0.0 0.754687488079071 0.625 0.02499997615814209 0.06875002384185791
0.0 0.577343761920929 0.6281249970197678 0.0234375 0.07500001788139343
0.0 0.6031250059604645 0.6468749940395355 0.021874964237213135 0.046875
0.0 0.5531249940395355 0.6351562440395355 0.018750011920928955 0.042187511920928955
0.0 0.53125 0.6531250029802322 0.01874995231628418 0.03749999403953552
0.0 0.4609375 0.6632812470197678 0.02187502384185791 0.029687494039535522
0.0 0.5148437321186066 0.6500000059604645 0.010937511920928955 0.043749988079071045
0.0 0.639843761920929 0.6359374970197678 0.01406252384185791 0.04999998211860657
0.0 0.78125 0.64453125 0.01874995231628418 0.06093752384185791
0.0 0.8046875 0.6281249970197678 0.02187502384185791 0.05312499403953552
0.0 0.8781249821186066 0.6499999910593033 0.018750011920928955 0.05625000596046448
0.0 0.953125 0.6390625089406967 0.02499997615814209 0.05625000596046448
0.0 0.987500011920929 0.6187499910593033 0.02499997615814209 0.07187500596046448
0.0 0.6875 0.637499988079071 0.01874995231628418 0.046875
0.0 0.7117187678813934 0.640625 0.026562511920928955 0.05312502384185791
0.0 0.8578124940395355 0.6070312559604645 0.025000035762786865 0.0390625
0.0 0.43437500298023224 0.6539062559604645 0.018749982118606567 0.035937488079071045
0.0 0.3929687589406967 0.6351562440395355 0.014062494039535522 0.035937488079071045
