0.0 0.22554987785391512 0.4351477400067919 0.049265366511230015 0.09925492152353872
0.0 0.3320061299296353 0.47351041923694376 0.04967351132218738 0.09456481977405913
0.0 0.42746982768040437 0.5035485643770947 0.040385267579488994 0.08947064589166258
0.0 0.2526205399566014 0.3471843366093582 0.03737371842942063 0.06816312025732536
0.0 0.3460379697851458 0.3690068450713028 0.027809664420271753 0.05505534435597257
0.0 0.36764800747639437 0.38384667084166707 0.03361203977605624 0.04988397511853293
0.0 0.4188768413517228 0.3528182374037936 0.03211182895164892 0.05594071567207006
0.0 0.46299601685585523 0.34544240724498804 0.031152104320797402 0.04460365211490007
0.0 0.4158486356135468 0.42927422949755273 0.03593966803917494 0.067868007519436
0.0 0.4658088274954403 0.41530591722857046 0.02876941577240384 0.06639247411800105
0.0 0.5012686364804638 0.36284515865533706 0.027125743217778987 0.05173188141055052
0.0 0.5218800998086138 0.5169148087492914 0.05138337197888356 0.10287353453090509
0.0 0.560643884085257 0.37939426087557593 0.025415868884899596 0.0434231638392875
0.0 0.5994843246964285 0.5502061171005916 0.04366153368521264 0.08537077383958751
0.0 0.5848406656351486 0.42161419893696034 0.02780965726663709 0.055055373236776096
0.0 0.5277268718675859 0.3795487382280732 0.02391566458304082 0.04947993608804531
0.0 0.6124020977982487 0.4039024984504508 0.026783772517166682 0.05007013268302059
0.0 0.6206864266025331 0.44717809218399596 0.030137258177389194 0.07303940000884505
0.0 0.7108218449012803 0.593903634245132 0.04209510025273246 0.09777941559569889
0.0 0.8475199881399498 0.6705339703631757 0.04427932801291554 0.09504615768850319
0.0 0.8020773461042016 0.5390681360233036 0.034163646632774027 0.06591117634202881
0.0 0.9622441287690666 0.6941430119096668 0.052618892884459534 0.12222422758062672
0.0 0.879797447874863 0.5282143254281069 0.04085957282460804 0.0784286908507565
0.0 0.7384441138606844 0.48873258430147876 0.03375552233609156 0.07060128231313394
0.0 0.6847664274259835 0.48807897514974974 0.029519538122065113 0.06336412250325987
0.0 0.6485842658733904 0.4459907209524899 0.03662363027021751 0.07119147890810922
0.0 0.6727315370546791 0.42671037658708083 0.02316556958574605 0.05250829333162059
0.0 0.8046642856280177 0.4538607551406346 0.033954037829035146 0.051545729474896974
0.0 0.8536867265824764 0.49166294802611094 0.02958568519558664 0.05701223610940405
0.0 0.7035636476395553 0.43305528952932304 0.029651838791656716 0.050660381410768986
