0.0 0.7718749940395355 0.8968749940395355 0.11875003576278687 0.034375011920928955
0.0 0.749218761920929 0.745312511920929 0.09218752384185791 0.03125
0.0 0.686718761920929 0.573437511920929 0.09218752384185791 0.04062497615814209
0.0 0.6585937440395355 0.43359375 0.07656246423721313 0.04218745231628418
0.0 0.6343750059604645 0.3375000059604645 0.08750003576278687 0.050000011920928955
0.0 0.62109375 0.22734373807907104 0.08281254768371582 0.0390625
0.0 0.5953125059604645 0.12109375 0.07499998807907104 0.04531252384185791
0.0 0.5093749910593033 0.020312488079071045 0.06249997019767761 0.03750002384185791
0.0 0.5875000059604645 0.015625 0.07499998807907104 0.02812504768371582
0.0 0.5499999821186066 0.15859374403953552 0.059374988079071045 0.029687464237213135
0.0 0.5062499940395355 0.12109375 0.053124964237213135 0.02656245231628418
0.0 0.6742187440395355 0.778124988079071 0.06718748807907104 0.03125
0.0 0.625 0.8812500238418579 0.07500004768371582 0.03125
0.0 0.5773437321186066 0.8148437440395355 0.06718748807907104 0.026562511920928955
0.0 0.5984375178813934 0.7125000059604645 0.06562501192092896 0.025000035762786865
0.0 0.6117187738418579 0.6609375178813934 0.0703125 0.034375011920928955
0.0 0.59375 0.5656249821186066 0.05937504768371582 0.028124988079071045
0.0 0.5718749761581421 0.48125001788139343 0.078125 0.034375011920928955
0.0 0.5718750059604645 0.37421876192092896 0.07187503576278687 0.03281247615814209
0.0 0.5625 0.29375001788139343 0.0625 0.028124988079071045
0.0 0.5335937440395355 0.22499999403953552 0.042187511920928955 0.028124988079071045
0.0 0.55859375 0.44921875 0.0546875 0.02656245231628418
0.0 0.5648437440395355 0.6312499940395355 0.06718748807907104 0.028124988079071045
0.0 0.5562500059604645 0.5437500178813934 0.056250035762786865 0.018750011920928955
0.0 0.528124988079071 0.41875001788139343 0.04062497615814209 0.018750011920928955
0.0 0.5062500089406967 0.33124998211860657 0.06250002980232239 0.028124988079071045
0.0 0.49687500298023224 0.29374998807907104 0.04375001788139343 0.02499997615814209
0.0 0.534375011920929 0.692187488079071 0.0625 0.02499997615814209
0.0 0.5546875 0.5960937440395355 0.0625 0.029687464237213135
0.0 0.5218749940395355 0.39531248807907104 0.050000011920928955 0.02187502384185791
0.0 0.5687499940395355 0.19687500596046448 0.07499998807907104 0.018750011920928955
