0.0 0.17692988526139353 0.9192262237310338 0.11569885928127346 0.05409427390988721
0.0 0.30000337110607456 0.880527033029116 0.08671041971864177 0.03982948043843422
0.0 0.26630015978133914 0.8014643581329232 0.07571228731814231 0.03299771507684017
0.0 0.17918996628081654 0.7700786516574322 0.10196953808369077 0.05585661324733478
0.0 0.35501362281241344 0.7732511731735265 0.07596725455594262 0.035962639232500135
0.0 0.3667042671334527 0.7294539120947168 0.05972502425679593 0.028679927716349418
0.0 0.2809046050248228 0.7340229752587792 0.0722162000275591 0.03269708475199806
0.0 0.23419048806990164 0.7038709726512089 0.0930651819802332 0.033018497853547935
0.0 0.2637623328945128 0.6466772183799727 0.06859269580041771 0.030913998083641835
0.0 0.3605601919583799 0.6370802756370507 0.07059567151867788 0.03402921332785569
0.0 0.17321982543036724 0.6142496463389799 0.10768688498627257 0.041633352083362586
0.0 0.2782122724343137 0.5605548150595642 0.07221620124333308 0.03269709888980428
0.0 0.2787318687770805 0.5135567960695939 0.09357511402428616 0.038948317889255527
0.0 0.3497813258178638 0.5883639382724537 0.05784946304354621 0.027047140540037075
0.0 0.3617906767546058 0.5408605502746814 0.0629660812745585 0.026015670564633987
0.0 0.18046907203326404 0.46851796439707505 0.10743191774847224 0.03866842792770262
0.0 0.3132291397455246 0.46052013541129283 0.07571228731814231 0.03299771507684017
0.0 0.3525513389430782 0.433286545445209 0.0755847394484479 0.03151527554030631
0.0 0.278187323615951 0.39702323347444823 0.08931412623607579 0.029752929235239735
0.0 0.2808007602026105 0.36663289098634744 0.06846514306762788 0.02943150199588356
0.0 0.35800612696767875 0.3493774155775791 0.0547358229623419 0.031193854035266443
0.0 0.28253148061877836 0.305551527537569 0.08620048615487157 0.03389964273046897
0.0 0.3344086307377164 0.2756640463996694 0.0856905516792708 0.027969794419149086
0.0 0.2779442254843077 0.2155518922901659 0.10018477349795778 0.03510221484674605
0.0 0.35402160404942096 0.12950215226488762 0.07196123157398482 0.02973214645853193
0.0 0.23819631463350918 0.09415367272802658 0.08521737695626497 0.04264409583328268
0.0 0.35437492864529574 0.2482593514255536 0.07507487165518927 0.02558543296330269
0.0 0.31647660627549473 0.03368151021091018 0.07272613328738586 0.038626918925511705
0.0 0.16892636143440753 0.35701230545465634 0.10794185222407289 0.0445982762390225
0.0 0.153633677177208 0.17648693399224874 0.11642707291099422 0.042384960372825284
0.0 0.11037238975576055 0.005113145141292974 0.1139140936032437 0.010226290282585948
