0.0 0.06562500074505806 0.2906249910593033 0.05000000447034836 0.09999999403953552
0.0 0.11874999850988388 0.28046874701976776 0.05937500298023224 0.12343749403953552
0.0 0.16874999552965164 0.33281250298023224 0.02812500298023224 0.07500001788139343
0.0 0.20234374701976776 0.3062499910593033 0.04843750596046448 0.10312500596046448
0.0 0.2750000059604645 0.3492187559604645 0.034375011920928955 0.08906251192092896
0.0 0.3179687410593033 0.3062499985098839 0.04531249403953552 0.11874999105930328
0.0 0.37812499701976776 0.3656250089406967 0.028125017881393433 0.06874999403953552
0.0 0.3999999910593033 0.32421875 0.025000005960464478 0.06093752384185791
0.0 0.4375 0.3218749910593033 0.03750002384185791 0.09999999403953552
0.0 0.48749998211860657 0.3187500089406967 0.043749988079071045 0.11562499403953552
0.0 0.5593750178813934 0.31562501192092896 0.028124988079071045 0.09375
0.0 0.617968738079071 0.3359375 0.0390625 0.09062498807907104
0.0 0.65234375 0.3460937589406967 0.0234375 0.09531250596046448
0.0 0.676562488079071 0.3500000089406967 0.02187502384185791 0.08750000596046448
0.0 0.731249988079071 0.35234375298023224 0.03125 0.08906248211860657
0.0 0.7921874821186066 0.34062500298023224 0.028124988079071045 0.11562499403953552
0.0 0.84375 0.4000000059604645 0.02499997615814209 0.078125
0.0 0.8812499940395355 0.3804687559604645 0.025000035762786865 0.06718748807907104
0.0 0.918749988079071 0.37109375 0.02499997615814209 0.07968747615814209
0.0 0.9656250178813934 0.3687499910593033 0.043749988079071045 0.09999999403953552
