0.0 0.9425541885371963 0.586356113617714 0.046245310713015006 0.10352829965431062
0.0 0.8158343596779426 0.6117768031541493 0.04713895649797486 0.09421914100249378
0.0 0.7570454769821742 0.5300763394394997 0.045649187586425555 0.09566897178853626
0.0 0.7058592355852025 0.6232801190976122 0.052204265879551584 0.09772899718033745
0.0 0.6127191076458358 0.6540583459715565 0.05172736555905653 0.09144151090295276
0.0 0.5248225866662926 0.6686297632914973 0.049463300970390464 0.10377241120187453
0.0 0.6482024204202483 0.5351701906118771 0.03224049418282968 0.06652114125790484
0.0 0.6200462373421597 0.5586480551466422 0.029558476744072415 0.05225228633144212
0.0 0.5829811929998088 0.5820112368825094 0.02979698828116515 0.055396034125514325
0.0 0.5300933912619621 0.5567758990143229 0.03128663443902422 0.053946194028712126
0.0 0.5099501839373151 0.5045528704144844 0.02806877148339746 0.05370215175382089
0.0 0.4675512742107323 0.510930604834168 0.029200867428604928 0.04753673624069643
0.0 0.46630172334228515 0.5797949147573612 0.028009760362118996 0.0740143860654845
0.0 0.429206570883497 0.5920939924343218 0.03605448253907495 0.07462454137952675
0.0 0.43719458986396803 0.6974089851652924 0.04690051088578615 0.09107545782571443
0.0 0.31673231550245473 0.7413259455423392 0.04302744320932952 0.10328419741750654
0.0 0.32900211535119717 0.5190680800826797 0.029320028857854296 0.049108573173706385
0.0 0.3245942799677187 0.5889623853836052 0.03814037457721371 0.08103403845925872
0.0 0.24632197073318007 0.6130797149185208 0.0299763613952305 0.0788519469585773
0.0 0.27596672215928036 0.5452234833076941 0.02705589834428439 0.06143940885533512
0.0 0.3529593735459492 0.5789063746275434 0.027771310201871645 0.07087064292679202
0.0 0.22278199804483179 0.5587429408854121 0.025208579220083217 0.05817366422505543
0.0 0.19119897899711483 0.5690430435431798 0.022705939443450163 0.06736078209356852
0.0 0.16697664032558662 0.6230502602912337 0.0358763054404887 0.09336487879626745
0.0 0.07416066649813412 0.5194266796398478 0.028426444449739317 0.05841773648090296
0.0 0.1802406811700972 0.8085914339760443 0.04928499884408466 0.12251270932689895
0.0 0.019017363390092724 0.827143679690743 0.035281321500592176 0.1277018564868298
0.0 0.08968649583195488 0.6067799197374149 0.030750722997251078 0.06797094206299077
0.0 0.003189192525254081 0.5850226950328816 0.006378385050508162 0.06954281363233701
0.0 0.0636474214067124 0.6901717655506927 0.031823748718364464 0.08211778618710648
0.0 0.4310215705797936 0.4986827216000348 0.023122684907915313 0.05176413716436699
0.0 0.4094499736294993 0.5129661805788921 0.027055959721129418 0.061439413510715024
