0.0 0.9390687039003497 0.5961896385189703 0.042841447585560744 0.0704676704878076
0.0 0.919528468704977 0.5442250082333353 0.03899724416439092 0.06431652193338255
0.0 0.8507179117349464 0.5976459410631328 0.041175541963189136 0.06205268664232984
0.0 0.7698952266446577 0.5969489046336897 0.03273999729191814 0.07251050282204048
0.0 0.8080809710814554 0.5403801319541627 0.027742332563914472 0.04726556160753255
0.0 0.6869157176129507 0.5856226621428242 0.0346835547339797 0.08232798843351397
0.0 0.6123824459857458 0.5854420141672615 0.036562768403282764 0.07191973182791908
0.0 0.7393461972461716 0.5216716691503326 0.0280199843836046 0.04866806337352836
0.0 0.7419523471672468 0.47263386754332154 0.020331572245497042 0.03636573951418205
0.0 0.7013750384322939 0.5054097767770228 0.022509875340063525 0.03410193097362546
0.0 0.6631469939270398 0.5299059998592848 0.028319057921563574 0.056812431187077905
0.0 0.7010872792043141 0.4638151322263078 0.022232223520373483 0.032699429207629825
0.0 0.6708789678222877 0.4585635582637959 0.024175723527556238 0.04251687774668147
0.0 0.6107184943031057 0.453940951075554 0.023620477323055056 0.039711911287111955
0.0 0.6270985950615865 0.4644710297744591 0.024175723527556058 0.04251687774668138
0.0 0.47149522789272214 0.5939872839779404 0.041517532259869226 0.08368090387489743
0.0 0.40495076106514666 0.48170608200463966 0.034085391770757444 0.0660391725549263
0.0 0.482879568371704 0.4898462539008456 0.03130883202628363 0.05201419807403633
0.0 0.2814241585972505 0.6321471804290043 0.04728380867418434 0.092907608170324
0.0 0.5677918926210144 0.4949965546749799 0.02887441370005419 0.059617445040994886
0.0 0.5464361863168512 0.4557896896373147 0.024175775666667045 0.042516888068607095
0.0 0.588368924026035 0.47356457187978196 0.016807973654545273 0.045100872215207935
0.0 0.4726184973224636 0.44481972104681144 0.028553803574068403 0.04473113703504774
0.0 0.5116466384451293 0.47367930118699453 0.03241943930504334 0.057624205138019045
0.0 0.44279446836192166 0.4483890045299999 0.029685884710208034 0.0570830204685099
0.0 0.2987672550878034 0.5014939865292334 0.04117553666742117 0.06205265989183344
0.0 0.37001230594484535 0.4572998032815696 0.025286382945426532 0.04812689513258981
0.0 0.3921378701459851 0.4208710213239402 0.02280900631290126 0.04224633585959694
0.0 0.29629116621351786 0.41355605274701457 0.02968588471020799 0.0570830204685099
0.0 0.22910426958439745 0.42648944908074693 0.031607962999121456 0.060158602960007725
0.0 0.20562261817118732 0.45900611123744994 0.036285064444482096 0.07051721973999792
