0.0 0.061331283385507106 0.30786806367287367 0.039897951828622755 0.07363301435745324
0.0 0.08434478226681083 0.388198804133551 0.05021827298418191 0.09410785290156873
0.0 0.16608808156179422 0.37355213091665584 0.04167110694257829 0.07392973817404495
0.0 0.20088676859330712 0.3616718080130398 0.03250354293363713 0.060343444656997036
0.0 0.11367502508352775 0.31096221992883366 0.023725840142034473 0.03878766935584275
0.0 0.28216054291794035 0.3334918191188699 0.02195269348314941 0.0384909469541419
0.0 0.36629549060132066 0.39714127347855405 0.030428586867748342 0.047944069854240025
0.0 0.2872119196648174 0.4122330452054669 0.03982671755910738 0.06290808003755695
0.0 0.41565052599142255 0.4344343744797058 0.039667410511416576 0.07225530193585658
0.0 0.36280355956379606 0.3526519564843464 0.021491610848737165 0.035735522110948506
0.0 0.44819810108661196 0.3924352811633812 0.036670272266562165 0.0543450746169313
0.0 0.5507562576814486 0.45491883359441027 0.03943682691885782 0.07087758243980602
0.0 0.5082548928293891 0.4039016160831107 0.02418693528921665 0.041543070751111875
0.0 0.6452386946382331 0.47851935993994765 0.04183041399026895 0.06458251627574522
0.0 0.6182786903900411 0.44355757289900655 0.03312391570559914 0.05375164477210923
0.0 0.7023086848509058 0.45337048695129256 0.03667024284365121 0.05434509523507405
0.0 0.7595276475952046 0.49268770275279594 0.03220178865442769 0.04824082702299135
0.0 0.7984658828195198 0.51053403171398 0.04252205890972771 0.06871563150750175
0.0 0.7693344264152346 0.4504238221649248 0.031208329930594036 0.03200503311247278
0.0 0.8429372567713374 0.4953153543284312 0.033585010852781136 0.05650704616737832
0.0 0.9667733232653785 0.5613596141867573 0.042983158454281065 0.07147105918047672
0.0 0.5314652395250282 0.4176997097840287 0.02510912998095218 0.04705389981935593
0.0 0.1420895749175011 0.32633934412010646 0.03104901442783281 0.041352253595881724
0.0 0.1692904930467809 0.3053980001882209 0.030126811281026723 0.03584142311274698
