0.0 0.10048659465616949 0.3193953928717475 0.03520865319023816 0.0660900082118177
0.0 0.13846809036744206 0.333910162218354 0.03695920943292177 0.07703947479352644
0.0 0.22461968698624965 0.35569615459211323 0.030053461309909935 0.07237890285842949
0.0 0.2783217089144011 0.36208293870743274 0.032557560708229974 0.09767494659401174
0.0 0.32671003786984365 0.40113568948372597 0.04204088018962917 0.099191101193475
0.0 0.4459556081643484 0.43728208504856736 0.049821879069773714 0.10932641900340112
0.0 0.5963366530026406 0.541441277788421 0.046539000197178826 0.11769288897733307
0.0 0.7670834030071977 0.5955556397379207 0.06822800788257606 0.17628668467630842
0.0 0.7780794532354757 0.319614804668127 0.05427179914740084 0.10825961662220482
0.0 0.6936049163175075 0.33873491971470526 0.038709795822247095 0.08798894619495781
0.0 0.5750646412463218 0.29686109521261717 0.04532372891558252 0.09082462639982047
0.0 0.5102378782562271 0.2969317953871558 0.03754269988879635 0.08068930377017174
0.0 0.3473812590115215 0.2668219938631859 0.044861940496339334 0.07830293133673613
0.0 0.37899230385175786 0.2617681484114569 0.023804754913035086 0.04292764367314015
0.0 0.27172150691344404 0.27517504301467455 0.030540474918061822 0.036891437443336714
0.0 0.13549076318176687 0.25952395676895756 0.03878326221744954 0.059548450316347125
0.0 0.22080382995015463 0.260856895432548 0.030297016116380648 0.054635194784164384
0.0 0.29336334667050923 0.24832061129409336 0.0343333778513288 0.060615292324660695
0.0 0.23568582631661378 0.2322758564910922 0.028546424162190574 0.04368568857533828
0.0 0.42505918919464064 0.26095359442490873 0.03350633258898341 0.07470917142228065
0.0 0.47323043318187635 0.20739907250598932 0.027719414611351745 0.057779607300075496
0.0 0.5713338161249728 0.20762292854614656 0.031585783939821074 0.05306296630278884
0.0 0.3052668822800483 0.20617907463205717 0.03071050860091189 0.04758825041563184
0.0 0.3312001080932859 0.20109719464923326 0.02193246648707854 0.04085003835814778
0.0 0.3551760342040068 0.1888420260894726 0.021640706185820237 0.03902512145996391
0.0 0.37019127748845493 0.18644144998187356 0.023804785059676713 0.04292764849286268
0.0 0.416112285463141 0.18471445494993083 0.013567916857776207 0.027064881932131257
0.0 0.5027256375721179 0.21952750663641632 0.029129974911348368 0.04733552719142873
0.0 0.6447065811571462 0.26607570929725155 0.04410845763398612 0.06395636382230788
0.0 0.6491943898029637 0.18768866472778561 0.032752819579988476 0.060362599088129756
0.0 0.7374250183075611 0.20727070757814836 0.03725099431595682 0.07886436170403824
0.0 0.8036370806972372 0.2462811979257633 0.0407038164314768 0.08119469024323367
0.0 0.5481481512941687 0.2197517354938056 0.018479589643140136 0.038519734986901935
