0.0 0.997347927762184 0.157552405568908 0.0053041444756321 0.10863751314130224
0.0 0.9764558087695694 0.1916869680546468 0.04514963615057308 0.1018196421989146
0.0 0.9333742332909069 0.19081832120979647 0.0322403199285505 0.07538913527091404
0.0 0.8790081031219327 0.20542452405668712 0.036903223736839054 0.07575925921695066
0.0 0.8444090435818469 0.22274984718328214 0.042041077440223874 0.10157295022232397
0.0 0.8177498159147231 0.23172657171773228 0.02845529088595313 0.0666201179841083
0.0 0.7915626715526659 0.22694422934011627 0.03109188745555134 0.08037918489617439
0.0 0.7619977770350499 0.23872438664851017 0.026293644211451105 0.07830461813137886
0.0 0.7396258804656235 0.1933319751669518 0.025076164147082202 0.0629644522517164
0.0 0.7185118189053814 0.25246703732119 0.03312112057627727 0.10594614670891608
0.0 0.6817827363799907 0.2528093888118879 0.028725853753867804 0.07002902671976333
0.0 0.6480255597082865 0.23147587751309331 0.030821262715327168 0.07697023894447833
0.0 0.6678242218000658 0.2050340374672775 0.022574847721289527 0.05090982345244126
0.0 0.6030197854369705 0.25563036983683424 0.036094399142821046 0.10448840057271576
0.0 0.5720675746891886 0.2400774088819885 0.01825155953289226 0.07427888876712871
0.0 0.5491919131236443 0.23760501544193174 0.03007867583435191 0.08707366792825777
0.0 0.5332775760618688 0.2440137334343436 0.02149546025935676 0.07623005607255129
0.0 0.5102350403093248 0.268997829696943 0.0387971715531525 0.09962171789675511
0.0 0.4791820409871157 0.26202887517397844 0.02669954909548098 0.08341800219586593
0.0 0.4172458785084947 0.2600839090996905 0.028253829740807302 0.0835413644391978
0.0 0.3800116569839772 0.28362159469688886 0.045420260890797336 0.10522858815061072
0.0 0.3318296800599539 0.3071705761958613 0.031227170179660348 0.08208365551903843
0.0 0.30013338726387245 0.2822430616783203 0.027036292964735732 0.0682012263636405
0.0 0.2599905974922233 0.2691347589242336 0.031362393611763476 0.08378812143593461
0.0 0.23059697243541927 0.3126325384333021 0.041770511992005634 0.09816400897659587
0.0 0.13889299264317026 0.3199110399881485 0.03744722122330504 0.1215330417812102
