0.0 0.16872649789682392 0.42559367781784446 0.0434616559806682 0.1154592067358231
0.0 0.1328867580917459 0.3457787315192476 0.0337799120087928 0.08027158941582017
0.0 0.16696864199340866 0.3248112121163621 0.02430422755020787 0.04672761255303359
0.0 0.18653423751911397 0.33988770239352684 0.020596695653358865 0.03817382800819047
0.0 0.21670806472389118 0.38535413736636065 0.034604156444950206 0.08684615204491983
0.0 0.24028633181961548 0.35652137294990743 0.029248135675786414 0.06514324224187736
0.0 0.26201320186502863 0.3563016788992785 0.017921059323547837 0.05886978078874781
0.0 0.32364281070801243 0.3761214352654048 0.032235249692044124 0.0784601596297497
0.0 0.3778038594462926 0.3526365976797411 0.023995939984545966 0.05477796601151397
0.0 0.3614793865181082 0.3037643989215706 0.020802741661836644 0.03981743591521396
0.0 0.4220834319118518 0.3804746365863306 0.032235220229742456 0.07846012507897182
0.0 0.43489931077968214 0.3254449252822614 0.023069449085851623 0.05789742584713391
0.0 0.29830669053095993 0.3041717177052793 0.020906585888746942 0.05115507188859518
0.0 0.473306919849216 0.3172908423553037 0.021833051255458803 0.04803560885203924
0.0 0.4919971477074954 0.3308076023145414 0.018435415976993587 0.052463068987834836
0.0 0.5052283209915405 0.32247094690692923 0.01668467425914617 0.0490079653941212
0.0 0.5263401714417103 0.36072615229108707 0.03316174059073838 0.07534069979412986
0.0 0.563201503246295 0.32939335705795536 0.025334556292816845 0.054945787890560906
0.0 0.5974934138112518 0.364326691920794 0.03439651660241827 0.06417091704963732
0.0 0.5413700227455843 0.30708833495132803 0.021833080717760467 0.048035643402817116
0.0 0.6811046937801031 0.34800124350218303 0.025334556292816845 0.054945787890560996
0.0 0.7131291370756532 0.3540031512070863 0.03274959357949862 0.07205344622836876
0.0 0.6740985893295366 0.29211767380173975 0.026363244067725944 0.04213236108779892
0.0 0.7534392300939526 0.31222118447898883 0.03058675591437634 0.06531109547076612
0.0 0.8364890113204225 0.36191011766285686 0.03769193340300543 0.06943745202988949
0.0 0.9056846805862648 0.34989614592203283 0.03316171505875598 0.07534069659319362
0.0 0.580395828765155 0.3038651416460607 0.02059670841935004 0.03817382960865854
0.0 0.6100521099345231 0.312668173270915 0.027393604725312937 0.05035054042649634
