0.0 0.2906249910593033 0.9343749992549419 0.09999999403953552 0.05000000447034836
0.0 0.28046874701976776 0.8812500014901161 0.12343749403953552 0.05937500298023224
0.0 0.33281250298023224 0.8312500044703484 0.07500001788139343 0.02812500298023224
0.0 0.3062499910593033 0.7976562529802322 0.10312500596046448 0.04843750596046448
0.0 0.3492187559604645 0.7249999940395355 0.08906251192092896 0.034375011920928955
0.0 0.3062499985098839 0.6820312589406967 0.11874999105930328 0.04531249403953552
0.0 0.3656250089406967 0.6218750029802322 0.06874999403953552 0.028125017881393433
0.0 0.32421875 0.6000000089406967 0.06093752384185791 0.025000005960464478
0.0 0.3218749910593033 0.5625 0.09999999403953552 0.03750002384185791
0.0 0.3187500089406967 0.5125000178813934 0.11562499403953552 0.043749988079071045
0.0 0.31562501192092896 0.44062498211860657 0.09375 0.028124988079071045
0.0 0.3359375 0.38203126192092896 0.09062498807907104 0.0390625
0.0 0.3460937589406967 0.34765625 0.09531250596046448 0.0234375
0.0 0.3500000089406967 0.32343751192092896 0.08750000596046448 0.02187502384185791
0.0 0.35234375298023224 0.26875001192092896 0.08906248211860657 0.03125
0.0 0.34062500298023224 0.20781251788139343 0.11562499403953552 0.028124988079071045
0.0 0.4000000059604645 0.15625 0.078125 0.02499997615814209
0.0 0.3804687559604645 0.11875000596046448 0.06718748807907104 0.025000035762786865
0.0 0.37109375 0.08125001192092896 0.07968747615814209 0.02499997615814209
0.0 0.3687499910593033 0.03437498211860657 0.09999999403953552 0.043749988079071045
