0.0 0.7820483728435125 0.3215524738402008 0.037026861273629044 0.08329677234205306
0.0 0.7246831471192288 0.252068028464927 0.03385157012805973 0.04285258778675334
0.0 0.7341110287822769 0.33641422437349566 0.031160658572819955 0.07918212457452407
0.0 0.6717491940797375 0.355182995809464 0.03356532520550708 0.09216025315799951
0.0 0.640588532754059 0.27994181289251274 0.02760136596303404 0.05149709781133267
0.0 0.618277232940589 0.2548727502732846 0.020485133618070785 0.04911135989675741
0.0 0.5690898312630718 0.2716823351186493 0.018273677632640605 0.05624589997158282
0.0 0.5448068564404731 0.23936925829698472 0.022312532195029357 0.05473593837385091
0.0 0.5190829744875196 0.24231365609185343 0.022119220670696473 0.03462333149188464
0.0 0.4854490513892745 0.2338559958634124 0.024668264612629453 0.04943977392756813
0.0 0.6130653632849719 0.3671890218106784 0.03611436914744015 0.10697669559368306
0.0 0.5791928929684138 0.4003684284509029 0.033181265044176914 0.1049193366457402
0.0 0.4983140075186183 0.29943532820426866 0.02635133631887996 0.053226007664286354
0.0 0.48045726830732144 0.42939168369442643 0.03948045661568607 0.1145491238269302
0.0 0.38374345452701775 0.5109727424659753 0.039240672886526086 0.12914658294321352
0.0 0.24175758716228102 0.5341429998547494 0.0427999737548876 0.1568317148989399
0.0 0.39719815948954257 0.3249460483861794 0.026833200707553174 0.07701536580333794
0.0 0.3332487030570582 0.32349269456832513 0.029237864587381736 0.08999345932263517
0.0 0.2572328985961629 0.3738535178461696 0.02923786458738169 0.08999345932263517
0.0 0.1814776955129726 0.3381826552119417 0.03524839415889893 0.09594645183053947
0.0 0.2762699169644113 0.2946713757395564 0.018562336879774 0.05992265958069014
0.0 0.14990971958642801 0.2934935758687961 0.03616088628508789 0.07226652857890947
0.0 0.19472073056002084 0.2566808449129978 0.024139880333449937 0.06036054773911177
0.0 0.45407790209114085 0.28996034286839556 0.028083230351707213 0.07528645595038422
0.0 0.4314302453262976 0.2695419472042623 0.024139877580591395 0.060360512674933454
0.0 0.9146612937174655 0.3666322829762246 0.037701986748097306 0.1271987682512382
