0.0 0.8630654776625031 0.3191206719975187 0.025312210069442998 0.08611477662442964
0.0 0.7401674791781845 0.27541532035670424 0.024167924390511696 0.06393165584991048
0.0 0.7124434247588063 0.29723407119919354 0.02474006813937457 0.07502323386674732
0.0 0.6475542238296976 0.3357980683153148 0.01931793498810954 0.07105620912900683
0.0 0.6058115778659598 0.3527794209061832 0.019345043492805657 0.09686906850579682
0.0 0.5741910804977925 0.40074837143644293 0.027192248000555176 0.09727385572348064
0.0 0.485453749515273 0.46000444230945625 0.03290050382664154 0.10678668967277494
0.0 0.38408706799263803 0.5921989856305834 0.02945366278152406 0.11582727058132569
0.0 0.2574488650124978 0.6793593100711914 0.04287267846411495 0.1736734791684203
0.0 0.19901171346452473 0.4108339112868823 0.03672872535920546 0.10514051504132711
0.0 0.26992235150824495 0.41273662949071516 0.025312261779230027 0.08611481445714216
0.0 0.3570657431983748 0.3480022341455641 0.03063903915468038 0.08823327224137198
0.0 0.40885577631057546 0.3351364037076435 0.024930783328593886 0.07872043829207778
0.0 0.5335116461988111 0.2731007816874418 0.031279380283669854 0.07536055526137156
0.0 0.5073543976216304 0.27445006726593857 0.01648432656728529 0.041411213680767035
0.0 0.595444396380396 0.26619902401318135 0.022642208333141855 0.03435412622473026
0.0 0.701435902144253 0.22366131778519552 0.027710123030238964 0.05673967715402499
0.0 0.6335359826578385 0.24199195724133968 0.02098009751551926 0.05270518659322483
0.0 0.5733266280533161 0.24417103085248285 0.023881903316469978 0.058385887044627306
0.0 0.6165066226651812 0.21692120390329972 0.02040795194786149 0.041613573317233456
0.0 0.47041406317238754 0.2828428719578261 0.02202897570884854 0.07303970258152086
0.0 0.4223026261883593 0.23991354380566995 0.018555076050027264 0.056267426686839525
0.0 0.34398747110107963 0.2597081993716129 0.02219258239337174 0.05092404763006124
0.0 0.5562360341016086 0.2052020632670783 0.021906511428337615 0.04537827625122008
0.0 0.5346086052717327 0.20539092379242874 0.015081126500213492 0.03949514821860016
0.0 0.5132537190094366 0.19815167652796398 0.014985768905603703 0.037646546005934936
0.0 0.5008290159570772 0.19879258769246153 0.01648432656728529 0.041411213680767035
0.0 0.46384102856542314 0.20626110762081468 0.009182155484907816 0.026285109843975495
0.0 0.4009271954883479 0.25769780280058013 0.02059866713708063 0.04531077774256387
0.0 0.2959028162853457 0.33169535614836393 0.03182441552783684 0.060639273901418364
0.0 0.27821292018908667 0.2556870220967712 0.022574010953015478 0.05831842122156763
0.0 0.2112665979566751 0.29250361187447965 0.02483547380618183 0.07687180339381601
0.0 0.16540264436447624 0.3439875554196891 0.027546518164510526 0.07885536736463913
0.0 0.3646884601632435 0.2669811593444722 0.012370034069687286 0.03751161693337366
