0.0 0.04107390927496588 0.7228340920742649 0.06281304220417776 0.10032012426128904
0.0 0.18474955507616964 0.7063011542441916 0.05496139121347077 0.0877800384275476
0.0 0.02898705932128711 0.6309244783236363 0.0529618543312544 0.06598776987422425
0.0 0.3064823475880184 0.6813664456966804 0.046784132239701216 0.08734055966327255
0.0 0.14729391182392815 0.6068116854054864 0.03870780291489191 0.06713501955807252
0.0 0.17838290242410887 0.6155816258313769 0.03179404038585831 0.05177536691462503
0.0 0.2607289124044535 0.6265746408975384 0.04064545728649005 0.0752115283455728
0.0 0.2202153612256054 0.548318134747612 0.04058358449675925 0.0614957128397414
0.0 0.307905430153724 0.5853614642360548 0.033568875982670845 0.06590211761795661
0.0 0.4226886783242021 0.6560492976169601 0.05120984438583056 0.09905865578347192
0.0 0.521796350429197 0.6425215911292825 0.05059758297642088 0.08977782335134403
0.0 0.6661346927114952 0.6249755372277311 0.054798579830312374 0.09383031115282989
0.0 0.8507391245802267 0.6242473945793654 0.05518612284180335 0.09544565066552355
0.0 0.9787352071767941 0.5891527479028146 0.042529585646411586 0.11280298012736498
0.0 0.5880987265926858 0.54888807429996 0.03605693531004235 0.06954364725101607
0.0 0.3852949131103452 0.5719194581784524 0.04323446104607624 0.059087058256609204
0.0 0.32299316104996034 0.5236602569073746 0.029530732128594295 0.05579933803952457
0.0 0.2698603519198817 0.5287203471343458 0.030243930578591448 0.045314139940178674
0.0 0.3982821545241032 0.5090139042342182 0.03234440372497529 0.047340406811847924
0.0 0.4437994359209636 0.5288426570957313 0.032181568614095116 0.0533906448084168
0.0 0.46904447353096723 0.505703236998872 0.031406530046556205 0.05016003524045596
0.0 0.4963314332235395 0.5401553759189685 0.0404207567775063 0.06754598164576127
0.0 0.5314471752722204 0.5317306080498303 0.03870781925098656 0.06713502347733469
0.0 0.5467401072242012 0.4973126168112234 0.03450680022221357 0.06308244324749604
0.0 0.6497035559469643 0.5187336887904798 0.03870781185935925 0.06713499266788378
0.0 0.7078401190227768 0.45524587216528384 0.036219745140360436 0.06349343222537351
0.0 0.7408390884534615 0.5361593757788493 0.042133701695653156 0.06795697062363874
0.0 0.8275261440345851 0.48973776707316985 0.04600903571941153 0.08410996522771334
0.0 0.7765638302813607 0.46609050311930655 0.04213368691239907 0.06795690900473694
0.0 0.5859444906236277 0.4870527834923483 0.037870875221527635 0.05018859056501786
0.0 0.3630035810603557 0.5243108575185529 0.02985640235035465 0.04369886204638691
