0.0 0.8461448613340469 0.5287795190545521 0.03950061353042056 0.06756821638168012
0.0 0.8081977193194092 0.5856658913476789 0.03198652994753211 0.06247532818273136
0.0 0.7382999218176971 0.5396412347842248 0.03222665660191435 0.0654908692031464
0.0 0.6493506117050795 0.5436879790257365 0.029845203308052782 0.0712941544236596
0.0 0.6842491193835014 0.5841536533751657 0.02542312708314549 0.0514652484916974
0.0 0.5573044620109202 0.5540505954003254 0.03557801950564432 0.08972924142745384
0.0 0.47741520958042527 0.5543413891316789 0.03508825633310923 0.06571868609153561
0.0 0.6064508951739846 0.5926232982946219 0.026493844983360316 0.047055839716478774
0.0 0.6040887230624458 0.6352966755922795 0.019570278282878294 0.03152243628816329
0.0 0.33343549339686634 0.5544238628600203 0.039270208193152946 0.08253207976164587
0.0 0.14711765464637544 0.5381516262549066 0.03605816365345871 0.09576031477779283
0.0 0.25138346039020004 0.6360641619194514 0.028174306367829294 0.06816473589023611
0.0 0.4140186770335899 0.6261511556144619 0.02722368022980266 0.0740819317275668
0.0 0.39185101522382293 0.64612395804548 0.023632190671690267 0.04682801848284397
0.0 0.43673617175294555 0.6311705736283395 0.020410536265350478 0.04207688654766493
0.0 0.4581477110112583 0.6469153056543219 0.020050370139736273 0.037553534051819784
0.0 0.5233136975978598 0.651589989740961 0.022311840832360198 0.030242470459685845
0.0 0.47293099544600814 0.6427037191947627 0.013376599119795074 0.04301510045761816
0.0 0.35738708435064015 0.6382463608270285 0.01671834528832301 0.04927401945490946
0.0 0.2285604035933721 0.6568478110173113 0.021850923286393577 0.06017021728768927
0.0 0.20583810165117492 0.6427247701523899 0.02411239168949857 0.052859124936992075
0.0 0.14027129454589776 0.6691873170637435 0.02149086632172976 0.05564687348233592
0.0 0.07075289091640682 0.6641004813305362 0.02721401120364423 0.05610250291386816
0.0 0.037714924250982815 0.6470053406101876 0.02841437844173651 0.07118027256540564
0.0 0.3138679018734169 0.6432283225904973 0.02077059094049547 0.046600201594455014
0.0 0.2919306465456769 0.6480094634776881 0.02840476628557207 0.05320087685551611
0.0 0.15557060216795698 0.6262426616446369 0.02589366136431408 0.03951695489071021
0.0 0.5469169664960658 0.6406069017167922 0.01993038753849845 0.03604575568019923
0.0 0.5833925985268099 0.61949500263717 0.015637960651468674 0.0357040281749927
