0.0 0.8518912637458822 0.3537533328274293 0.035748194118073506 0.0625272550076315
0.0 0.7978376289608049 0.30656265941404026 0.031821602860087596 0.033126354815913306
0.0 0.8085835796735757 0.36769860523538356 0.03031937927658248 0.05917707945054098
0.0 0.7522300570758259 0.38542654270463517 0.03283667877605882 0.06870128545901899
0.0 0.7219106743950209 0.33234561097237536 0.02637425342661235 0.038961694972038344
0.0 0.7009373112978314 0.3154231470937978 0.01985597905302896 0.03677859383610125
0.0 0.6565401418069255 0.3308741556729258 0.018033968207675867 0.04178553083617396
0.0 0.6335849226022516 0.3087754127019847 0.02165940353338298 0.04095714059960218
0.0 0.6102169168638796 0.3125763626341227 0.02096402495012013 0.026426035651374313
0.0 0.5793490018806813 0.3085373765342709 0.02365984600586666 0.03728660719349315
0.0 0.6990557456295794 0.39796902839866116 0.035532499831805356 0.07956185700113783
0.0 0.6690337180468175 0.42442249934370657 0.032818089006836984 0.07788674373269089
0.0 0.5927480462304162 0.3557165979099217 0.02528479389452052 0.040128769393191856
0.0 0.5797931824794208 0.45198351685760424 0.03878234383609751 0.08524614945089307
0.0 0.4937373711919646 0.5178860618963987 0.03894218569400616 0.09576801131852868
0.0 0.3649317013170946 0.5439298561964021 0.042887321756644246 0.11598347226673625
0.0 0.5012486188968659 0.3808588147400583 0.026337035732044267 0.05733268152934694
0.0 0.4429318214502966 0.3838862798534194 0.02885433182729802 0.06685686204792315
0.0 0.3749416587522506 0.4256122733222115 0.02885433182729802 0.06685686204792321
0.0 0.30499200296155876 0.404348750365604 0.034461623260489696 0.07154342216881586
0.0 0.3902687779451939 0.36643518112671963 0.01839092819952195 0.04445835094358177
0.0 0.2750816267603896 0.3736571825447251 0.03467731754675807 0.05450882017530971
0.0 0.31497959738187614 0.3438444048244495 0.023462783049167248 0.04513570639326443
0.0 0.5521919613869161 0.3516112511246665 0.027426495264136274 0.056165607108193474
0.0 0.5310308268134153 0.33811446745167323 0.023462779644944476 0.04513568090336277
0.0 0.9738978953074525 0.3782663738091789 0.037495769574290704 0.09426229112217595
