0.0 0.3236900235279689 0.7658046059524538 0.06105211782160565 0.11265652702330815
0.0 0.46881008131030805 0.718929688322776 0.056564497259564826 0.09535578146899173
0.0 0.6297696628119643 0.6182332376897771 0.05587849015775355 0.10386680206044777
0.0 0.801432677490992 0.5651835464819941 0.06380491809292836 0.10095771406167024
0.0 0.912074539072181 0.5066565293835955 0.06794728296451318 0.11692763721171388
0.0 0.9359168014524926 0.4166703551038259 0.04432088364155788 0.0760432177645427
0.0 0.9832441327694397 0.36145571936863174 0.03351173446112057 0.04410334076654689
0.0 0.9962611343081162 0.3794989172852781 0.007477731383767505 0.053450306822156304
0.0 0.8404372876107009 0.4570607396252667 0.06259448139410004 0.09071346280846138
0.0 0.7450341732550255 0.4690239298246688 0.0469032622020749 0.06926536171884985
0.0 0.7702771295021688 0.4418808290650314 0.04224526593435636 0.05688553766239792
0.0 0.796640853318765 0.41586741505700237 0.040868865798694906 0.06273494414321687
0.0 0.9092643333850298 0.35540601393514626 0.04207043195470632 0.05063375834217978
0.0 0.8698005737220109 0.3819767097683962 0.04345564345965407 0.06712977356665242
0.0 0.7049674605505457 0.49646122563984074 0.060182478539260134 0.09257039735628965
0.0 0.6258629306972008 0.5361550168828304 0.04431647137271284 0.06487048152837929
0.0 0.5205584474980729 0.5769633410783532 0.0481136857325005 0.0795095622050237
0.0 0.47151865704876544 0.57619020114026 0.03448927287839023 0.054873719512265315
0.0 0.3744747216244974 0.5786364362896221 0.03345806925965391 0.062053933048402676
0.0 0.5470007637668047 0.5289137804291759 0.04276970869977683 0.07564086027409785
0.0 0.3222650227615643 0.6326595410046474 0.04138889629527061 0.07031753051875356
0.0 0.6514599014147573 0.5359070915866962 0.029320057483383087 0.057256730785568345
0.0 0.4514991919150309 0.5053933150634261 0.0344848014360144 0.043700967927147706
