0.0 0.97526980791855 0.3175852965213012 0.03580976992443023 0.0751391000984745
0.0 0.9076356331232089 0.337969948338195 0.03443376580944495 0.07254747184701889
0.0 0.8659411215654599 0.35523776857214906 0.03312090806403027 0.08417649229076848
0.0 0.8304384985339375 0.3608977623890802 0.024847921778638947 0.06474833942389094
0.0 0.7976734801837572 0.36463071278812037 0.030374744535477484 0.08028602697840018
0.0 0.7512664147770545 0.3676566656422102 0.01939567459280749 0.06601689411897942
0.0 0.7075423926096948 0.3810370252366636 0.03586712364381191 0.08806695783426885
0.0 0.6665961592342751 0.38344082480872155 0.02208443240549558 0.056979513793387636
0.0 0.6182313403217325 0.3664195192225851 0.026212392699222244 0.06475439831662273
0.0 0.644881967957909 0.35684178205363104 0.019349698023633177 0.05567462970644552
0.0 0.5765196070765971 0.3875656869834442 0.03314387035037587 0.08934763054595259
0.0 0.5206558085717334 0.3692182661811745 0.02760556650511079 0.07122438619281742
0.0 0.47342873382242523 0.4032680561069011 0.03169329077387646 0.0699497847028315
0.0 0.44074121325709503 0.38954839948348746 0.020748664370217808 0.06343738388411908
0.0 0.4189782271633041 0.3739380162739384 0.015290728636655704 0.06341314808206037
0.0 0.3759249592309434 0.3899069929357988 0.02484786978215623 0.06474835152172513
0.0 0.33694509020505664 0.41041887718463055 0.03446820923896361 0.08030417922979502
0.0 0.30908783146448887 0.384438952100723 0.01388602158161869 0.054357578518175534
0.0 0.2822965336482774 0.4256899448717701 0.02073144257333883 0.059559011699281864
0.0 0.2489841834480128 0.39903938850609827 0.022101706144110844 0.060857861551424544
0.0 0.2230502347290197 0.4008634415741591 0.02482495954703965 0.059577213497673046
0.0 0.18742134495659774 0.4349647390615499 0.027628528955695852 0.0763955614348999
