0.0 0.8344737358744968 0.044698493823917766 0.10789072632259274 0.03606058614372755
0.0 0.8124830105975868 0.19898512736482027 0.08380153643122705 0.03264645271173996
0.0 0.7542069602811556 0.37363214986260707 0.08389246032147835 0.04220201065559222
0.0 0.7273765605172603 0.5159272036160834 0.06975528367961266 0.043659980636110964
0.0 0.7045085697426151 0.6136631880070264 0.07973771248044778 0.0517172305554614
0.0 0.6914107704186531 0.7258268188229883 0.07538596191373896 0.04052864032239105
0.0 0.6670290453247926 0.8339012267410159 0.06837038543911307 0.04683169039758894
0.0 0.5882140738995976 0.935883089243547 0.05697277758161636 0.03876098069228533
0.0 0.658930010445256 0.9413341956756108 0.06820369127036266 0.029313128620345096
0.0 0.6263511168658222 0.7952883733419396 0.05406656835885215 0.030771072179258407
0.0 0.5863610555364326 0.8331336437511361 0.048375327871417184 0.02753200813636596
0.0 0.7448702988884693 0.16489423126281483 0.06115786080354173 0.03243099160630174
0.0 0.701290797350028 0.05935860172350564 0.06823405330134849 0.03249832361913128
0.0 0.657482290086443 0.1266332840361703 0.06111239885841595 0.02765321263437559
0.0 0.675595308247973 0.2311301734155796 0.059682038961830754 0.026047173800305367
0.0 0.6871246665630577 0.28380032721217124 0.06401863516144432 0.035643130540896496
0.0 0.6699251308108123 0.3807939205007159 0.05405146812292934 0.02917845438866671
0.0 0.6492936044938962 0.46660561103879666 0.0710947733835586 0.03571043166364953
0.0 0.6482555810424784 0.5756985146674867 0.06541874117761157 0.03406399403284048
0.0 0.638983777445503 0.6576364583444111 0.056881880627109103 0.029205416953738083
0.0 0.6121352826502363 0.7274616030614094 0.038483931150918325 0.029030339970548446
0.0 0.6369535331756223 0.4991393900703196 0.049790588037899486 0.027545482338505865
0.0 0.644379881886876 0.3136557060373281 0.061127552647431214 0.029245785374099054
0.0 0.6357475154193232 0.40276705147616454 0.05113007803088569 0.019595963742422295
0.0 0.6090610788188726 0.5299324363794338 0.036977746732884495 0.019461269854083963
0.0 0.5883992846913154 0.6189293487231803 0.056881907620435344 0.02920541721058747
0.0 0.5795442166511393 0.657070873777396 0.03986885624022394 0.025858615277730746
0.0 0.6173739646212042 0.2512818348278977 0.0568515721819586 0.02602018034515754
0.0 0.6348399417654778 0.3494016085584075 0.05689703412708438 0.030797959317083644
0.0 0.6031728631049058 0.5537675268438853 0.0454994534943717 0.022727274193462942
0.0 0.6437051335570765 0.7564313445800002 0.06811276712381416 0.019757543741188942
