0.0 0.4821413570887826 0.4546625226452166 0.03178172719566241 0.04385655528262102
0.0 0.8887725463301219 0.6519338477989883 0.05897636573551992 0.1701561108391556
0.0 0.7632302459649842 0.5661266675296532 0.053618157738222115 0.1175756297836302
0.0 0.6567002397560251 0.5565348986042021 0.03826631182310134 0.105230339744615
0.0 0.5560922701765783 0.5265218164171882 0.04531481378609818 0.09575441826831481
0.0 0.3958625507974131 0.5309587990754446 0.050013755959200254 0.08943708571796263
0.0 0.3053118424981817 0.5461328900020624 0.03791251257542907 0.08096780238452776
0.0 0.2561584226193737 0.53455401570729 0.04021366910051723 0.08818181132802234
0.0 0.815820122830538 0.4878894852818094 0.027613461487597135 0.08656772399634569
0.0 0.3798514657613536 0.4615090447962883 0.02960910662321865 0.05914651694053328
0.0 0.683060086482268 0.4512698399195633 0.03051026477127472 0.06618119334183863
0.0 0.7041087281383449 0.4378485074014257 0.032859709154568414 0.06302252364611353
0.0 0.7624831947396074 0.42143348819703547 0.025409058085607318 0.05860851247286725
0.0 0.8376095280394941 0.41359768395256147 0.03656085546311694 0.0704157980442166
0.0 0.5998473666044404 0.4681852757305605 0.03253773754938516 0.08200909922093391
0.0 0.4457007476187583 0.44234896522192324 0.027710210313909744 0.0658224878725715
0.0 0.6268340250081463 0.45668461721844256 0.029609160029733416 0.05914652378163119
0.0 0.6442057400977633 0.43122164532701646 0.024958505714836578 0.055091177692763615
0.0 0.5313590449439127 0.4778520541661691 0.030960755141958972 0.06969845419326344
0.0 0.5036004869201041 0.42778224613488913 0.02165955762198113 0.061587809241514614
0.0 0.8801726639297766 0.49037136854004676 0.03321357040232727 0.08728513493487977
0.0 0.7883504355028569 0.5289460797585215 0.03456516551455273 0.09783706534651185
0.0 0.49191663299796157 0.5365299073082616 0.04206421125474842 0.09187841156273446
0.0 0.674917048421977 0.4987883771282441 0.030864010612432137 0.09044372386082804
