0.0 0.9100889191437638 0.45152633864668956 0.04640591585204916 0.06961215844290844
0.0 0.7566031926867901 0.5105333378896695 0.03554726045885204 0.05708060927003231
0.0 0.7138572829019612 0.5683221776061663 0.029522516764871033 0.03712911632955791
0.0 0.7023150275722083 0.513113795249048 0.04207894701375263 0.06079548808917066
0.0 0.6345388593759245 0.5092055175585762 0.03639606254419059 0.06264802051643485
0.0 0.6224151467286188 0.5680222321267901 0.025366446392838783 0.03921444094574964
0.0 0.6052396089583919 0.5834588343549342 0.023415206178193503 0.036197965240820994
0.0 0.5787238801638128 0.5120187671068825 0.038093775107984486 0.07378280767529218
0.0 0.529523327108139 0.49673302520129115 0.03198640627708258 0.07285164770610261
0.0 0.5466038126497844 0.5831416434878001 0.022949459397285477 0.042924395115609304
0.0 0.5325260397392887 0.6137722018754792 0.025154231310448073 0.037822585914035936
0.0 0.5041734636842211 0.6173829920179535 0.021717489566733583 0.025063151534537108
0.0 0.4185712973774365 0.4965593429697736 0.04810369070773355 0.08074698102964514
0.0 0.2670257869684393 0.4555760943428037 0.03885994396106991 0.09837049879812634
0.0 0.1351638073367737 0.4514694798110407 0.04615791585750482 0.1266730865010044
0.0 0.1868365353176204 0.5803147608115353 0.03834730275883582 0.0656644962213635
0.0 0.11043266353417305 0.6069181520550206 0.03525230375109127 0.07470906944869782
0.0 0.2832215710479768 0.5976636395353763 0.031178916760204522 0.05777406997405761
0.0 0.5050581089259377 0.5617040872660561 0.025961775023884394 0.05290014597910701
0.0 0.46705804338960055 0.5788915645817868 0.026893318734592952 0.03944724201513017
0.0 0.4683781991831587 0.628537486936174 0.026468830325587066 0.03666352307124976
0.0 0.484834439471013 0.6288768390538235 0.018834701593713542 0.03549955324615857
0.0 0.4223139928973012 0.5928346854261927 0.03249351982300963 0.056615033678698266
0.0 0.35088886787491197 0.5752407027023636 0.03249357806723392 0.05661504255915073
0.0 0.4004311596188897 0.6132616121839776 0.02511291874198749 0.04733275239967849
0.0 0.21771778776230208 0.6240293138467233 0.028166542889381096 0.047798310230107076
0.0 0.08030242421637426 0.6449809438202265 0.03597163237940908 0.05986431045300718
0.0 0.1361408526629818 0.6628151014075726 0.027954390098880743 0.04640649062627249
0.0 0.3758543353612983 0.6262661682774041 0.024051785085809387 0.04037346836065643
