0.0 0.7515154816186638 0.8500489807218787 0.055057027107679526 0.09247144512916546
0.0 0.6901048167203356 0.8114682972421917 0.060968431039907144 0.11395120169701248
0.0 0.6467510876038297 0.8097875769148761 0.04610624946567406 0.0838554304472499
0.0 0.6173874255732557 0.800901143876126 0.03676360433068 0.08021931180417034
0.0 0.5641390883258746 0.801758210778052 0.03271593562512578 0.060815590499738725
0.0 0.5382352865149506 0.7650621186338332 0.0535373581408761 0.09890330371305919
0.0 0.5043556717730266 0.8040131614972974 0.02526094422145011 0.0525115998179297
0.0 0.5983055492959709 0.8512223327433659 0.03499544983097928 0.05116778877698547
0.0 0.46652148973742397 0.7758727732285456 0.04311467698901454 0.08323138244703632
0.0 0.43140650138942965 0.7795921566016334 0.03565968558533887 0.07492739176522747
0.0 0.3938924530721456 0.7349519325220146 0.063959989251692 0.11457524672154466
0.0 0.35509779504798666 0.7563110536300508 0.04159498651091496 0.08966326872475534
0.0 0.28614845285142787 0.6977504276964706 0.05351339684160723 0.10564720208815936
0.0 0.23683550068149048 0.7021895206668255 0.030460325659042463 0.0637194819446659
0.0 0.2121910052461562 0.7080930522423853 0.04316249950546118 0.06974362918176116
0.0 0.17109286118919492 0.7105643198167706 0.03345189813570193 0.06434352994487949
0.0 0.1348667238855256 0.659750156219642 0.05015391092480677 0.10325918242118828
0.0 0.09998352552969632 0.6773234109206034 0.03345189813570193 0.06434352994487957
0.0 0.04742331389758579 0.6599166629057013 0.042010772508548136 0.0779394653837751
0.0 0.0004875863616901177 0.6069059037712731 0.0009751727233802354 0.09215942708042153
0.0 0.820173257906386 0.8763359242104076 0.03676360154203202 0.08021934340357735
