0.0 0.06249999813735485 0.49687500298023224 0.03749999776482582 0.08750000596046448
0.0 0.08125000074505806 0.5812499970197678 0.028124995529651642 0.05937501788139343
0.0 0.11250000074505806 0.5375000089406967 0.02499999850988388 0.07812497019767761
0.0 0.16796875 0.46875 0.026562511920928955 0.078125
0.0 0.14687500149011612 0.5140625089406967 0.021875008940696716 0.07812497019767761
0.0 0.18124999850988388 0.55078125 0.021875008940696716 0.0390625
0.0 0.18124999850988388 0.5906250029802322 0.024999991059303284 0.03749999403953552
0.0 0.24843749403953552 0.5164062529802322 0.03125 0.05781248211860657
0.0 0.27812500298023224 0.45390623807907104 0.03749999403953552 0.09218752384185791
0.0 0.3218750059604645 0.5078125 0.03125 0.07187497615814209
0.0 0.37187500298023224 0.4195312559604645 0.03749999403953552 0.08281248807907104
0.0 0.2515624910593033 0.5843750089406967 0.021874994039535522 0.03749999403953552
0.0 0.28593750298023224 0.5656249970197678 0.025000005960464478 0.05937501788139343
0.0 0.34687499701976776 0.5499999970197678 0.018749982118606567 0.04999998211860657
0.0 0.3687499910593033 0.5476562529802322 0.025000005960464478 0.05156251788139343
0.0 0.39374999701976776 0.512499988079071 0.021874994039535522 0.0625
0.0 0.4281250089406967 0.4976562410593033 0.025000005960464478 0.07968750596046448
0.0 0.5046875178813934 0.38750001788139343 0.034375011920928955 0.09062498807907104
0.0 0.484375 0.5031249821186066 0.02187502384185791 0.06562501192092896
0.0 0.5218749940395355 0.47187501192092896 0.028124988079071045 0.0625
0.0 0.59375 0.45781248807907104 0.02499997615814209 0.06875002384185791
0.0 0.6468749940395355 0.46562498807907104 0.025000035762786865 0.05624997615814209
0.0 0.571093738079071 0.503125011920929 0.01718747615814209 0.0625
0.0 0.6671874821186066 0.3062500059604645 0.043749988079071045 0.08750003576278687
0.0 0.6273437738418579 0.53125 0.0234375 0.05624997615814209
0.0 0.7062499821186066 0.39531248807907104 0.034375011920928955 0.07187497615814209
0.0 0.7406249940395355 0.4781250059604645 0.025000035762786865 0.06562501192092896
0.0 0.7984375059604645 0.4351562559604645 0.028124988079071045 0.07343751192092896
0.0 0.8148437440395355 0.29375001788139343 0.035937488079071045 0.10624998807907104
