0.0 0.007250467784075393 0.4600387732337829 0.014500935568150786 0.10762724261103784
0.0 0.008489335438050282 0.5550893935591129 0.016978670876100565 0.04305548057742161
0.0 0.027213509934555173 0.5394706952053632 0.022009867077143242 0.035118415415681524
0.0 0.06003588532439853 0.4944596527162567 0.034004988060960015 0.08081194593432661
0.0 0.09384953191638756 0.5199064392332355 0.02982325782168078 0.06037068766279914
0.0 0.12166507613801794 0.5185379164943595 0.015791737337761624 0.05519364526826527
0.0 0.1979718636525152 0.4954015997223939 0.03199660034107832 0.07293585227947234
0.0 0.27022097382499305 0.5135937804584411 0.024293287565693867 0.05080957159408186
0.0 0.25554341070904585 0.5608083472658854 0.02206493912206513 0.03668141236002631
0.0 0.3233205354605982 0.48416342370910403 0.03199666541259809 0.07293582479422334
0.0 0.34669338868508126 0.5350645110244558 0.022670013731146632 0.05387462146113471
0.0 0.1746967747877017 0.5650054461098885 0.02071663298466695 0.04756155223587415
0.0 0.3968495143703426 0.5399595436729896 0.02233997293990484 0.04449650469578366
0.0 0.41903847332932226 0.5258733690892851 0.01730506439536601 0.04900257868119873
0.0 0.4370182657321829 0.5327659368841926 0.015461696546519832 0.04581552850291422
0.0 0.4591657158389365 0.4952039720545244 0.03361994029631612 0.06987080473938176
0.0 0.5102850012405017 0.5220422700154955 0.026026641467735877 0.05087057291317887
0.0 0.5497105861455451 0.4866533437507221 0.03670153526423654 0.05905169366787995
0.0 0.4851935071842635 0.54463354833459 0.022339973989075546 0.044496534507994935
0.0 0.658716846030217 0.49596689412062833 0.026026641467735968 0.05087057291317878
0.0 0.6989131334145182 0.48799179118662134 0.03350992739868275 0.06674478569240563
0.0 0.6568466162787411 0.5491095160413358 0.029053163341563958 0.03848843508512081
0.0 0.755768984965193 0.5244216909697526 0.031556612772893546 0.06043171879410743
0.0 0.8556815085611303 0.471599531671703 0.04033319681866523 0.06386273745568136
0.0 0.945703848303691 0.477897562081994 0.03361994029631603 0.06987080473938186
0.0 0.5355146527405604 0.544839537506554 0.022009933197833752 0.03511841774264397
0.0 0.5723267763658113 0.5343978815473379 0.02932826328009419 0.0463035297478406
