0.0 0.5824895263541805 0.9420123165982787 0.12559546022402338 0.058152229306538315
0.0 0.7240901332396765 0.8576057465407108 0.15266635518802643 0.0721042440687043
0.0 0.6444203578279908 0.7377933826403413 0.10828351135884384 0.055808040855431604
0.0 0.635286905324908 0.6419080539417442 0.10110102918021928 0.053900311793639764
0.0 0.6138378513709535 0.5453477129568374 0.10160841776477607 0.04952719543445392
0.0 0.6151850254126381 0.48599535520075143 0.09032738976596022 0.051038794211146855
0.0 0.606534648778981 0.3882912551747395 0.08089056581522377 0.04064351187498909
0.0 0.6194999335993788 0.292434262893979 0.08954653564086072 0.04181558875545357
0.0 0.6032617195735388 0.24139157971521433 0.09198625580909994 0.04471754367575853
0.0 0.5711803349848289 0.7819447667310786 0.09788053566925611 0.04177521586444399
0.0 0.5821599953117674 0.6537582027056723 0.07633317605836218 0.03605211625265588
0.0 0.6119429807969495 0.7551281632258735 0.1009643166055417 0.04710216699790069
0.0 0.5693941255746242 0.832094195132095 0.06261239364272306 0.03466175101242772
0.0 0.504010593512083 0.7887670018182524 0.0776213753055286 0.0409021615623697
0.0 0.5299973756308158 0.9008111031249655 0.06979479964592476 0.0365694329725061
0.0 0.5082805620557818 0.7256477765636463 0.06344182666429292 0.031501125744733384
0.0 0.5394968933502675 0.36204834604629993 0.06081673424253005 0.034184792305274894
0.0 0.54754720141521 0.45115573458789504 0.07043893044679006 0.038994453160586404
0.0 0.5437499969286981 0.5812500115633926 0.09686569000297487 0.05052143038958316
0.0 0.5352007187396681 0.6568621253810687 0.06325648865935332 0.037086756322195845
0.0 0.5150389291065087 0.6748719021412102 0.07338607344816994 0.03752330081832174
0.0 0.5066029079923227 0.6161661673701877 0.06113878482214705 0.03539730652355137
0.0 0.5006852643963967 0.48284255828492617 0.061968298626092724 0.032236745702659685
0.0 0.515499529632744 0.4270671355120538 0.06261238750011913 0.03466172788564252
