0.0 0.07546909486272149 0.5667149052973443 0.07716579446513541 0.13513318499568916
0.0 0.22274528096076796 0.5086988837990793 0.06123074376291386 0.09641886191541556
0.0 0.34783550752202747 0.5107811553969359 0.059667989280681955 0.09024304119283774
0.0 0.4721857853050677 0.5019979364241145 0.05349989082692996 0.09012733807182513
0.0 0.550541802800057 0.509504052510622 0.05732395064729445 0.0809793887901999
0.0 0.6780915805158334 0.5122086871541635 0.04428335332669899 0.07189922301520939
0.0 0.8060676223991221 0.5339134134554271 0.04459701038852337 0.07920401351851085
0.0 0.8711521612590621 0.5249188848668591 0.04826709272976437 0.08157778411497052
0.0 0.15490198130674204 0.4389621070403541 0.04327104413328464 0.0860939700490552
0.0 0.3251992808181662 0.46234037709411846 0.038582889413895004 0.06756659051941324
0.0 0.19561624366426783 0.4780134937005684 0.050220489287574166 0.08929752067757839
0.0 0.08860981667551941 0.43204445037562633 0.038736859441402025 0.056044841192870454
0.0 0.1370308947030802 0.37858467269230195 0.0451416768552612 0.06922622135104381
0.0 0.006517855315244903 0.38975169145602606 0.013035710630489805 0.062220593126375866
0.0 0.22073517627138423 0.38908692044252297 0.03420843048263698 0.05634403885525581
0.0 0.7037907435921609 0.4554636043931051 0.038346139913209495 0.05450085062847414
0.0 0.5874850189931566 0.45313997196914074 0.0435789454619913 0.06305043403378656
0.0 0.41562498436265455 0.4359374960431374 0.055607226137555664 0.0863253173941649
0.0 0.31489925175592137 0.4203067629021259 0.04201622970606689 0.05687465067339179
0.0 0.2885101826007942 0.40048685260692657 0.04108093680109688 0.06530853095769143
0.0 0.36472039536724293 0.3992359575343769 0.03998584068288728 0.054915759325597426
0.0 0.5395490017039909 0.4081541706883648 0.03545748917673723 0.055215031712349115
0.0 0.6149749243622656 0.4272398916187843 0.03873682816671122 0.05604483327914531
