0.0 0.08671874925494194 0.4749999940395355 0.04531250149011612 0.06562501192092896
0.0 0.17656250298023224 0.4390624910593033 0.03125 0.05625000596046448
0.0 0.14531250298023224 0.539843738079071 0.03749999403953552 0.07656252384185791
0.0 0.24843750149011612 0.46875 0.03437499701976776 0.0625
0.0 0.2671875059604645 0.3929687440395355 0.028124988079071045 0.042187511920928955
0.0 0.3218749910593033 0.4312499910593033 0.025000005960464478 0.05625000596046448
0.0 0.29609376192092896 0.528124988079071 0.0390625 0.07187497615814209
0.0 0.34687499701976776 0.4749999940395355 0.028125017881393433 0.06562501192092896
0.0 0.4437499940395355 0.5218749940395355 0.034375011920928955 0.07499998807907104
0.0 0.3843749910593033 0.43671874701976776 0.021874994039535522 0.05156251788139343
0.0 0.31171874701976776 0.37187500298023224 0.020312517881393433 0.04062500596046448
0.0 0.46875 0.43359375 0.02187502384185791 0.051562488079071045
0.0 0.38984374701976776 0.375 0.029687494039535522 0.03750002384185791
0.0 0.4390625059604645 0.3804687559604645 0.018750011920928955 0.0390625
0.0 0.5 0.44609375298023224 0.02499997615814209 0.06093749403953552
0.0 0.48046875 0.37187500298023224 0.026562511920928955 0.04062500596046448
0.0 0.5828125178813934 0.51171875 0.034375011920928955 0.0703125
0.0 0.5593750178813934 0.3968750089406967 0.018750011920928955 0.05625000596046448
0.0 0.628125011920929 0.421875 0.02499997615814209 0.0625
0.0 0.6906249821186066 0.508593738079071 0.034375011920928955 0.0703125
0.0 0.7054687738418579 0.41796875 0.0234375 0.0546875
0.0 0.7046875059604645 0.3656249940395355 0.021874964237213135 0.043749988079071045
0.0 0.776562511920929 0.4156249910593033 0.03125 0.05312499403953552
0.0 0.8460937440395355 0.5 0.035937488079071045 0.07187497615814209
0.0 0.875 0.4312500059604645 0.02499997615814209 0.050000011920928955
0.0 0.9546875059604645 0.39921873807907104 0.028124988079071045 0.0546875
0.0 0.8265624940395355 0.35625000298023224 0.021874964237213135 0.04375001788139343
0.0 0.901562511920929 0.37812499701976776 0.02499997615814209 0.04999998211860657
0.0 0.7523437440395355 0.3843750059604645 0.017187535762786865 0.059374988079071045
