0.0 0.3322384813378569 0.015443622618724262 0.08651327469705086 0.030887245237448523
0.0 0.35694977279858253 0.1337966967246392 0.07794940091579602 0.04395238290718859
0.0 0.39313904417673773 0.16603448877694854 0.06716588980375623 0.0411413596919997
0.0 0.3786680184752683 0.22706589943795494 0.08348256639139144 0.03936598418452277
0.0 0.385572089044457 0.2649050272583364 0.06121135315523842 0.02680819303708626
0.0 0.4031370570773237 0.29465433266821883 0.06575735654848831 0.027269789439146486
0.0 0.3965098351050977 0.31985281162311746 0.09070718174472922 0.0366674430757965
0.0 0.3987610529002737 0.3721789705875068 0.06307880239433743 0.030429932819487072
0.0 0.4336990646916553 0.4071715448017737 0.09222256102262065 0.03682128036201977
0.0 0.44553291830351577 0.49356118984045844 0.07812542918012122 0.045686268010426814
0.0 0.496413700051148 0.5724824212390647 0.06832908686670551 0.03782731581536254
0.0 0.45752704598652033 0.5589126827662219 0.05060387702380229 0.025731121069986252
0.0 0.48039268278317343 0.6257879912601002 0.0968378111797878 0.05273456684835294
0.0 0.49432651460704974 0.6725483477821201 0.07403834512884178 0.034974874210339645
0.0 0.4906577724230744 0.7193442196262417 0.06290273851076514 0.028695978636621166
0.0 0.5332605703700694 0.7544344352799728 0.0827783397600709 0.032430170387836556
0.0 0.5178399852031 0.7910367221090389 0.10318210711526418 0.04136625482529741
0.0 0.5068902092890346 0.8867470856050496 0.08383469415853595 0.0428338925502544
0.0 0.5638165694438959 0.942280712342123 0.08464579235730918 0.03605194324266261
0.0 0.5647126931256693 0.9737225880848509 0.12591232640229313 0.04367425737903794
