0.0 0.46875 0.9687500009313226 0.0625 0.03437499888241291
0.0 0.59375 0.959374999627471 0.11874997615814209 0.03437500074505806
0.0 0.45781250298023224 0.9164062514901161 0.05625000596046448 0.02031250298023224
0.0 0.43437500298023224 0.8656250014901161 0.04999998211860657 0.01874999701976776
0.0 0.44218750298023224 0.8828125 0.03749999403953552 0.015625
0.0 0.4750000089406967 0.8257812485098839 0.05625000596046448 0.02031250298023224
0.0 0.526562511920929 0.8625000044703484 0.078125 0.03437499701976776
0.0 0.53125 0.75 0.08437502384185791 0.028124988079071045
0.0 0.5187499970197678 0.6281249970197678 0.07187500596046448 0.028125017881393433
0.0 0.46875 0.6726562529802322 0.046875 0.020312517881393433
0.0 0.41875000298023224 0.8406250029802322 0.03437498211860657 0.015625
0.0 0.4156249910593033 0.7531250044703484 0.05312499403953552 0.015624985098838806
0.0 0.43437500298023224 0.71875 0.04375001788139343 0.015625
0.0 0.4125000089406967 0.6781249940395355 0.03749999403953552 0.018750011920928955
0.0 0.5023437440395355 0.5125000029802322 0.07343751192092896 0.025000005960464478
0.0 0.5031249970197678 0.4312500059604645 0.06562498211860657 0.025000035762786865
0.0 0.5031249970197678 0.30078125 0.06562498211860657 0.02031254768371582
0.0 0.4281250089406967 0.5531249940395355 0.04062500596046448 0.018750011920928955
0.0 0.44062499701976776 0.39375001192092896 0.05625000596046448 0.02499997615814209
0.0 0.5062499940395355 0.16875001788139343 0.06874996423721313 0.034375011920928955
0.0 0.49687498807907104 0.09687501192092896 0.07187497615814209 0.02499997615814209
0.0 0.44218750298023224 0.2632812261581421 0.05937501788139343 0.0234375
0.0 0.45624999701976776 0.45625001192092896 0.05625000596046448 0.02187502384185791
0.0 0.41796875 0.48125001788139343 0.051562488079071045 0.018750011920928955
0.0 0.46562500298023224 0.33281248807907104 0.04999998211860657 0.015625
0.0 0.4156250059604645 0.3265624940395355 0.043749988079071045 0.018750011920928955
0.0 0.43437500298023224 0.42890626192092896 0.04999998211860657 0.0234375
