0.0 0.07870385730093758 0.3265990332946513 0.05617444640589603 0.07869292729878508
0.0 0.12814455982340184 0.28665302033062895 0.05113734820515914 0.07181104401315971
0.0 0.18235547472330396 0.37387292442526354 0.05387524023215269 0.06971645291619274
0.0 0.27820433905436637 0.4151626619757927 0.04330684896007227 0.07959086795166659
0.0 0.2617742989729988 0.3408082553588448 0.03640925550352821 0.05266145122385835
0.0 0.38199205206414033 0.4473262403796735 0.045989247633552964 0.09006342365727286
0.0 0.47014787314870043 0.4858484102010439 0.04818010646556568 0.0794411261167733
0.0 0.3524750768337183 0.3584601989541586 0.036792456358160884 0.054157534686862
0.0 0.374264584368819 0.3098374841248693 0.026718269357529367 0.040393743860171936
0.0 0.40558657560279865 0.3624985869325851 0.029456151983680633 0.0382991770186444
0.0 0.4383316833896398 0.4059588367381526 0.03733952506461691 0.06268519689949477
0.0 0.42702065402470896 0.3225531112165948 0.029072951129047998 0.03680309355564084
0.0 0.46537631811582314 0.3331744956274959 0.031755375913161556 0.04727562928578673
0.0 0.5388027320394992 0.35995277400363307 0.03098898151284448 0.04428349089519825
0.0 0.5141087803606496 0.36159892346223305 0.031755375913161556 0.04727562928578681
0.0 0.6322784317924315 0.5672316082418166 0.05474995690951463 0.09230735680990439
0.0 0.7678452749309399 0.49354758939309845 0.04489518855253936 0.07300803930562631
0.0 0.671640947021159 0.4609350517205019 0.041063127784946384 0.05804724462651141
0.0 0.8375031544003809 0.7026969666893651 0.06230557966890764 0.10263016212065894
0.0 0.568701569646562 0.4218147355212481 0.038105960193463684 0.06567737238546023
0.0 0.6138174187164802 0.39510904124384894 0.031755375913161556 0.04727562928578681
0.0 0.5552578575054833 0.3904723105656861 0.022392106669124966 0.04907112793223778
0.0 0.7065993774150716 0.4228593994026418 0.03739500901728761 0.05011807435236086
0.0 0.645850277577683 0.4304156986403644 0.04259593120347738 0.06403157847852566
0.0 0.7400276108528004 0.4417840709743811 0.03909168028764158 0.0631339869540044
0.0 0.8832704030385632 0.5677505192299629 0.05387524963299484 0.06971642866075323
0.0 0.8215038126413694 0.48816072934212196 0.03328817933169255 0.053259963137801056
0.0 0.8138358500790621 0.4415582751503694 0.030003261418666317 0.046826876326654075
0.0 0.9307924358182762 0.484268903225742 0.0390916802876415 0.06313398695400432
0.0 0.9914062464660564 0.5316181575787154 0.017187507067887253 0.06657493537456283
0.0 0.9954866930175728 0.5751536067424119 0.00902661396485449 0.07794502553385314
