0 0.235156 0.582812 0.054688 0.100000
0 0.445312 0.528906 0.031250 0.054688
0 0.587500 0.527344 0.037500 0.060937
0 0.725781 0.519531 0.045312 0.067187
0 0.831250 0.521875 0.046875 0.065625
0 0.981250 0.518750 0.034375 0.065625
0 0.315625 0.527344 0.037500 0.054688
0 0.225781 0.490625 0.039062 0.059375
0 0.267188 0.484375 0.028125 0.037500
0 0.306250 0.477344 0.021875 0.032813
0 0.328906 0.467187 0.020313 0.040625
0 0.357812 0.505469 0.031250 0.042188
0 0.468750 0.507812 0.028125 0.043750
0 0.539844 0.490625 0.023438 0.034375
0 0.612500 0.487500 0.025000 0.043750
0 0.785156 0.482812 0.032813 0.034375
0 0.866406 0.482031 0.035937 0.045312
0 0.952344 0.496094 0.017188 0.039062
0 0.972656 0.464844 0.026562 0.029687
0 0.385937 0.496094 0.025000 0.039062
0 0.525781 0.468750 0.020313 0.021875
0 0.685937 0.460938 0.021875 0.037500
0 0.822656 0.471094 0.029687 0.032813
0 0.636719 0.472656 0.014063 0.029687
0 0.486719 0.466406 0.020313 0.023438
0 0.452344 0.466406 0.010937 0.017188
0 0.782031 0.453125 0.020313 0.012500
0 0.712500 0.472656 0.025000 0.014063
0 0.883594 0.456250 0.014063 0.025000
