0 0.05161086469888687 0.9772054553031921 0.10322172939777374 0.04558907076716423
0 0.0057794926688075066 0.9526033401489258 0.011558985337615013 0.033483877778053284
0 0.5431145429611206 0.5284227132797241 0.1890001893043518 0.15847617387771606
0 0.3297075033187866 0.9411638379096985 0.11177133768796921 0.11767236143350601
0 0.537085771560669 0.6567646861076355 0.09454471617937088 0.06378433853387833
0 0.5926915407180786 0.7092458605766296 0.04489700123667717 0.043429307639598846
0 0.6457059979438782 0.6528778672218323 0.06342639029026031 0.053764790296554565
0 0.9232482314109802 0.5909343957901001 0.058031074702739716 0.055293548852205276
0 0.7838049530982971 0.7158690094947815 0.04401129111647606 0.03842901438474655
0 0.32406800985336304 0.8678133487701416 0.039276160299777985 0.033483877778053284
0 0.8072447180747986 0.6432092189788818 0.04903994873166084 0.04158084839582443
