0 0.022656 0.517969 0.039062 0.060937
0 0.080469 0.566406 0.042188 0.057813
0 0.137500 0.508594 0.025000 0.042188
0 0.230469 0.571094 0.042188 0.057813
0 0.217969 0.512500 0.023438 0.034375
0 0.299219 0.532813 0.032813 0.056250
0 0.334375 0.515625 0.018750 0.043750
0 0.256250 0.474219 0.028125 0.026562
0 0.350781 0.475781 0.020313 0.029687
0 0.390625 0.485938 0.021875 0.031250
0 0.403906 0.563281 0.035937 0.051562
0 0.431250 0.513281 0.018750 0.032813
0 0.438281 0.475781 0.023438 0.023438
0 0.477344 0.517188 0.032813 0.046875
0 0.552344 0.557031 0.042188 0.060937
0 0.669531 0.560937 0.039062 0.053125
0 0.592969 0.499219 0.029687 0.035937
0 0.516406 0.493750 0.023438 0.040625
0 0.618750 0.496094 0.015625 0.042188
0 0.743750 0.496094 0.028125 0.035937
0 0.779687 0.505469 0.031250 0.048438
0 0.816406 0.480469 0.023438 0.032813
0 0.840625 0.560937 0.037500 0.062500
0 0.872656 0.525781 0.035937 0.042188
0 0.905469 0.491406 0.029687 0.042188
0 0.977344 0.510156 0.032813 0.054688
0 0.210938 0.474219 0.028125 0.026562
0 0.254688 0.523438 0.034375 0.037500
0 0.683594 0.508594 0.029687 0.039062
