0 0.154688 0.560937 0.040625 0.050000
0 0.322656 0.556250 0.039062 0.050000
0 0.450000 0.546094 0.028125 0.048438
0 0.544531 0.545312 0.035937 0.040625
0 0.662500 0.539062 0.021875 0.050000
0 0.779687 0.545312 0.025000 0.040625
0 0.842187 0.530469 0.025000 0.048438
0 0.700000 0.492188 0.028125 0.028125
0 0.038281 0.535937 0.045312 0.050000
0 0.083594 0.526563 0.039062 0.050000
0 0.265625 0.521875 0.025000 0.031250
0 0.253125 0.486719 0.021875 0.023438
0 0.350000 0.514844 0.028125 0.042188
0 0.510156 0.510938 0.023438 0.031250
0 0.570312 0.506250 0.028125 0.031250
0 0.534375 0.499219 0.018750 0.029687
0 0.202344 0.493750 0.023438 0.031250
0 0.651563 0.491406 0.021875 0.020313
0 0.035156 0.487500 0.023438 0.031250
0 0.010156 0.495312 0.017188 0.037500
0 0.421875 0.492188 0.015625 0.025000
0 0.182031 0.543750 0.017188 0.043750
