0 0.043750 0.568750 0.050000 0.062500
0 0.043750 0.473438 0.034375 0.031250
0 0.097656 0.468750 0.029687 0.028125
0 0.087500 0.518750 0.034375 0.043750
0 0.138281 0.529687 0.029687 0.053125
0 0.177344 0.509375 0.029687 0.043750
0 0.200000 0.466406 0.025000 0.029687
0 0.239844 0.481250 0.023438 0.034375
0 0.249219 0.560937 0.039062 0.062500
0 0.287500 0.509375 0.018750 0.040625
0 0.299219 0.470313 0.020313 0.028125
0 0.337500 0.517188 0.028125 0.050000
0 0.375000 0.490625 0.021875 0.034375
0 0.399219 0.478906 0.014063 0.039062
0 0.410156 0.548438 0.029687 0.068750
0 0.457813 0.496875 0.025000 0.046875
0 0.482812 0.494531 0.015625 0.042188
0 0.525000 0.552344 0.034375 0.054688
0 0.552344 0.519531 0.023438 0.035937
0 0.603906 0.496094 0.017188 0.039062
0 0.631250 0.503125 0.028125 0.037500
0 0.682031 0.556250 0.029687 0.053125
0 0.658594 0.479687 0.020313 0.031250
0 0.739844 0.489063 0.023438 0.043750
0 0.712500 0.523438 0.025000 0.040625
0 0.800781 0.504687 0.029687 0.046875
0 0.869531 0.564063 0.042188 0.053125
0 0.964844 0.555469 0.029687 0.064062
