0 0.021875 0.691406 0.040625 0.089063
0 0.081250 0.642188 0.040625 0.056250
0 0.119531 0.612500 0.026562 0.046875
0 0.142187 0.587500 0.031250 0.037500
0 0.215625 0.561719 0.021875 0.029687
0 0.251563 0.564844 0.018750 0.020313
0 0.325781 0.594531 0.020313 0.035937
0 0.395313 0.578125 0.025000 0.040625
0 0.239844 0.636719 0.032813 0.051562
0 0.384375 0.629687 0.031250 0.050000
0 0.503906 0.615625 0.032813 0.050000
0 0.578906 0.617188 0.026562 0.046875
0 0.697656 0.607812 0.026562 0.040625
0 0.819531 0.614844 0.023438 0.029687
0 0.733594 0.573438 0.023438 0.034375
0 0.061719 0.575000 0.026562 0.031250
0 0.027344 0.576562 0.023438 0.034375
0 0.878125 0.604688 0.021875 0.037500
0 0.673438 0.586719 0.015625 0.026562
0 0.675000 0.557031 0.015625 0.023438
0 0.605469 0.555469 0.020313 0.026562
0 0.301563 0.561719 0.021875 0.026562
0 0.546094 0.583594 0.020313 0.032813
0 0.364844 0.566406 0.017188 0.035937
0 0.087500 0.563281 0.015625 0.023438
0 0.006250 0.586719 0.009375 0.039062
0 0.567969 0.564844 0.020313 0.026562
0 0.464062 0.575000 0.018750 0.025000
0 0.482031 0.577344 0.017188 0.029687
0 0.527344 0.564063 0.014063 0.025000
