0 0.050781 0.781250 0.060937 0.078125
0 0.123438 0.728906 0.043750 0.060937
0 0.278906 0.735938 0.029687 0.046875
0 0.416406 0.734375 0.032813 0.046875
0 0.541406 0.727344 0.032813 0.048438
0 0.635938 0.735938 0.037500 0.040625
0 0.757031 0.737500 0.026562 0.037500
0 0.892188 0.742188 0.021875 0.040625
0 0.960156 0.739844 0.023438 0.045312
0 0.024219 0.688281 0.032813 0.064062
0 0.176563 0.700781 0.034375 0.039062
0 0.216406 0.689063 0.029687 0.037500
0 0.442188 0.689063 0.028125 0.034375
0 0.280469 0.646875 0.023438 0.028125
0 0.075000 0.675781 0.031250 0.048438
0 0.145313 0.653906 0.021875 0.029687
0 0.374219 0.689063 0.026562 0.031250
0 0.467187 0.668750 0.018750 0.028125
0 0.665625 0.688281 0.028125 0.029687
0 0.809375 0.685156 0.025000 0.029687
0 0.167187 0.646094 0.015625 0.023438
0 0.315625 0.657031 0.021875 0.026562
0 0.507812 0.661719 0.015625 0.029687
0 0.603125 0.689844 0.021875 0.032813
0 0.751563 0.675000 0.021875 0.028125
0 0.680469 0.659375 0.017188 0.028125
0 0.364063 0.650781 0.015625 0.029687
0 0.539844 0.679688 0.023438 0.018750
0 0.114062 0.658594 0.025000 0.035937
0 0.632812 0.671094 0.021875 0.026562
