0 0.068750 0.709375 0.040625 0.053125
0 0.168750 0.754687 0.040625 0.062500
0 0.110156 0.676562 0.026562 0.040625
0 0.015625 0.678125 0.028125 0.056250
0 0.032031 0.618750 0.023438 0.031250
0 0.133594 0.631250 0.029687 0.040625
0 0.181250 0.639844 0.021875 0.032813
0 0.217188 0.682031 0.021875 0.042188
0 0.256250 0.694531 0.028125 0.054688
0 0.234375 0.635938 0.031250 0.028125
0 0.309375 0.662500 0.025000 0.040625
0 0.339844 0.648438 0.023438 0.037500
0 0.335156 0.750781 0.042188 0.054688
0 0.453125 0.754687 0.037500 0.062500
0 0.389844 0.678125 0.023438 0.050000
0 0.417187 0.665625 0.015625 0.043750
0 0.478906 0.703906 0.032813 0.039062
0 0.492969 0.656250 0.023438 0.037500
0 0.610156 0.765625 0.029687 0.056250
0 0.570312 0.693750 0.025000 0.037500
0 0.647656 0.719531 0.020313 0.035937
0 0.741406 0.703906 0.026562 0.035937
0 0.795312 0.792969 0.040625 0.054688
0 0.916406 0.802344 0.039062 0.054688
0 0.680469 0.682031 0.026562 0.035937
0 0.605469 0.662500 0.023438 0.034375
0 0.540625 0.678125 0.018750 0.037500
