0 0.174219 0.271094 0.067187 0.135937
0 0.344531 0.196875 0.073438 0.118750
0 0.518750 0.189062 0.056250 0.109375
0 0.653125 0.221875 0.078125 0.115625
0 0.770312 0.234375 0.059375 0.112500
0 0.214062 0.552344 0.056250 0.132812
0 0.470313 0.535937 0.078125 0.128125
0 0.739062 0.593750 0.065625 0.115625
0 0.980469 0.559375 0.039062 0.143750
0 0.302344 0.071875 0.070312 0.131250
0 0.089063 0.294531 0.050000 0.114062
0 0.842969 0.517188 0.064062 0.112500
0 0.044531 0.255469 0.042188 0.107813
0 0.013281 0.257812 0.023438 0.093750
