0 0.045312 0.781250 0.050000 0.081250
0 0.123438 0.723437 0.037500 0.056250
0 0.278906 0.721094 0.032813 0.054688
0 0.421875 0.715625 0.028125 0.050000
0 0.544531 0.707031 0.039062 0.051562
0 0.640625 0.705469 0.040625 0.042188
0 0.763281 0.699219 0.023438 0.042188
0 0.896875 0.701562 0.031250 0.040625
0 0.967187 0.689063 0.025000 0.050000
0 0.023438 0.686719 0.043750 0.064062
0 0.075000 0.671875 0.037500 0.043750
0 0.177344 0.687500 0.026562 0.043750
0 0.804688 0.651563 0.025000 0.031250
0 0.214062 0.681250 0.028125 0.040625
0 0.282813 0.637500 0.021875 0.031250
0 0.367969 0.634375 0.017188 0.025000
0 0.316406 0.637500 0.020313 0.034375
0 0.147656 0.651563 0.020313 0.031250
0 0.117188 0.652344 0.018750 0.026562
0 0.174219 0.643750 0.017188 0.028125
0 0.472656 0.648438 0.017188 0.028125
0 0.451562 0.669531 0.028125 0.045312
0 0.376563 0.674219 0.025000 0.032813
0 0.513281 0.639062 0.020313 0.028125
0 0.640625 0.644531 0.021875 0.026562
0 0.668750 0.657031 0.031250 0.039062
0 0.759375 0.639844 0.025000 0.023438
0 0.686719 0.625781 0.020313 0.029687
0 0.542969 0.650000 0.029687 0.025000
0 0.603906 0.660156 0.023438 0.035937
