0 0.080469 0.595313 0.051562 0.081250
0 0.218750 0.552344 0.040625 0.057813
0 0.356250 0.564844 0.034375 0.048438
0 0.410938 0.531250 0.028125 0.043750
0 0.462500 0.515625 0.021875 0.034375
0 0.168750 0.511719 0.031250 0.051562
0 0.506250 0.559375 0.037500 0.059375
0 0.651563 0.557813 0.037500 0.065625
0 0.821875 0.573438 0.025000 0.053125
0 0.975000 0.573438 0.034375 0.059375
0 0.267188 0.508594 0.028125 0.039062
0 0.328125 0.512500 0.021875 0.034375
0 0.580469 0.521875 0.029687 0.043750
0 0.906250 0.514844 0.031250 0.045312
0 0.946875 0.485938 0.025000 0.034375
0 0.614844 0.496875 0.023438 0.034375
0 0.457813 0.478125 0.018750 0.031250
0 0.383594 0.475000 0.017188 0.025000
0 0.875000 0.508594 0.025000 0.035937
0 0.740625 0.505469 0.018750 0.035937
0 0.825000 0.489844 0.012500 0.026562
0 0.637500 0.487500 0.015625 0.028125
0 0.540625 0.478125 0.021875 0.021875
0 0.540625 0.515625 0.021875 0.025000
0 0.492188 0.485938 0.018750 0.031250
0 0.707812 0.506250 0.025000 0.050000
0 0.805469 0.489063 0.026562 0.037500
0 0.362500 0.509375 0.025000 0.034375
