0 0.135937 0.746875 0.056250 0.087500
0 0.210938 0.700000 0.056250 0.059375
0 0.365625 0.697656 0.037500 0.054688
0 0.507812 0.689844 0.040625 0.048438
0 0.635938 0.685156 0.043750 0.060937
0 0.740625 0.686719 0.040625 0.042188
0 0.880469 0.677344 0.032813 0.051562
0 0.110156 0.659375 0.042188 0.065625
0 0.163281 0.646875 0.029687 0.050000
0 0.261719 0.664844 0.032813 0.042188
0 0.297656 0.652344 0.029687 0.039062
0 0.454688 0.643750 0.025000 0.034375
0 0.529687 0.646094 0.025000 0.039062
0 0.628125 0.624219 0.021875 0.020313
0 0.394531 0.616406 0.023438 0.026562
0 0.200781 0.625000 0.023438 0.025000
0 0.232031 0.623437 0.023438 0.028125
0 0.360156 0.607031 0.023438 0.026562
0 0.603906 0.616406 0.023438 0.026562
0 0.692187 0.634375 0.021875 0.034375
0 0.917969 0.628125 0.029687 0.034375
0 0.853906 0.614062 0.026562 0.028125
0 0.764062 0.635156 0.034375 0.035937
0 0.725781 0.621094 0.029687 0.029687
0 0.667969 0.610156 0.026562 0.029687
0 0.507812 0.613281 0.018750 0.020313
0 0.544531 0.621875 0.014063 0.028125
0 0.255469 0.615625 0.014063 0.025000
0 0.776563 0.600781 0.025000 0.020313
