0 0.037500 0.767188 0.053125 0.096875
0 0.108594 0.715625 0.048438 0.071875
0 0.267969 0.722656 0.035937 0.067187
0 0.409375 0.720313 0.037500 0.068750
0 0.435937 0.678906 0.037500 0.057813
0 0.463281 0.658594 0.020313 0.029687
0 0.368750 0.675000 0.028125 0.040625
0 0.360938 0.639062 0.021875 0.025000
0 0.273438 0.636719 0.021875 0.029687
0 0.167187 0.689063 0.031250 0.043750
0 0.535156 0.719531 0.032813 0.054688
0 0.629687 0.728125 0.037500 0.046875
0 0.755469 0.726562 0.026562 0.046875
0 0.887500 0.736719 0.025000 0.039062
0 0.956250 0.732812 0.021875 0.043750
0 0.017188 0.678906 0.031250 0.057813
0 0.064844 0.664844 0.032813 0.048438
