0 0.025000 0.768750 0.040625 0.093750
0 0.129688 0.659375 0.028125 0.056250
0 0.178125 0.721875 0.037500 0.056250
0 0.227344 0.657813 0.029687 0.037500
0 0.296875 0.628125 0.021875 0.028125
0 0.281250 0.678125 0.021875 0.043750
0 0.308594 0.736719 0.032813 0.057813
0 0.339844 0.621094 0.017188 0.023438
0 0.371875 0.693750 0.025000 0.050000
0 0.406250 0.670312 0.025000 0.043750
0 0.474219 0.745313 0.032813 0.056250
0 0.499219 0.678125 0.023438 0.034375
0 0.425000 0.630469 0.021875 0.023438
0 0.543750 0.696875 0.025000 0.046875
0 0.581250 0.665625 0.025000 0.037500
0 0.605469 0.648438 0.017188 0.031250
0 0.627344 0.756250 0.035937 0.059375
0 0.668750 0.687500 0.028125 0.050000
0 0.750000 0.770312 0.043750 0.056250
0 0.758594 0.708594 0.035937 0.042188
0 0.771875 0.662500 0.034375 0.031250
0 0.868750 0.714063 0.028125 0.046875
0 0.940625 0.796875 0.034375 0.059375
0 0.833594 0.693750 0.026562 0.034375
0 0.971875 0.743750 0.031250 0.043750
0 0.909375 0.677344 0.028125 0.035937
0 0.509375 0.636719 0.025000 0.029687
0 0.333594 0.675781 0.026562 0.035937
