0 0.4318821430206299 0.4569803774356842 0.17520473897457123 0.1494513303041458
0 0.8607802391052246 0.7598577737808228 0.09760171175003052 0.11512922495603561
0 0.5092518329620361 0.5698609352111816 0.09144598990678787 0.05784296989440918
0 0.4870351552963257 0.6340920925140381 0.04020041227340698 0.041818127036094666
0 0.4063449203968048 0.6001895666122437 0.05865394324064255 0.05078975111246109
0 0.11431212723255157 0.6311776041984558 0.052166808396577835 0.05313361808657646
0 0.3135031461715698 0.6994911432266235 0.04042435064911842 0.03646797314286232
0 0.8248364925384521 0.692275881767273 0.03627409785985947 0.031659167259931564
0 0.2511284351348877 0.6418172717094421 0.04534728452563286 0.03928162530064583
0 0.9038240313529968 0.9598656296730042 0.09760171175003052 0.08026877045631409
