0 0.219531 0.596875 0.042188 0.053125
0 0.021094 0.606250 0.039062 0.059375
0 0.116406 0.560937 0.029687 0.053125
0 0.186719 0.549219 0.032813 0.042188
0 0.257812 0.556250 0.031250 0.034375
0 0.377344 0.593750 0.039062 0.062500
0 0.494531 0.600000 0.039062 0.053125
0 0.645312 0.601562 0.037500 0.056250
0 0.829688 0.624219 0.031250 0.045312
0 0.925000 0.615625 0.028125 0.056250
0 0.316406 0.550781 0.029687 0.045312
0 0.349219 0.531250 0.026562 0.034375
0 0.430469 0.536719 0.032813 0.042188
0 0.521094 0.518750 0.023438 0.025000
0 0.775000 0.555469 0.031250 0.042188
0 0.680469 0.571094 0.023438 0.032813
0 0.710938 0.539844 0.021875 0.035937
0 0.614844 0.552344 0.023438 0.032813
0 0.269531 0.508594 0.026562 0.026562
0 0.079687 0.500000 0.025000 0.025000
0 0.157812 0.509375 0.028125 0.034375
0 0.063281 0.542969 0.029687 0.045312
0 0.014844 0.493750 0.026562 0.034375
0 0.636719 0.525000 0.020313 0.031250
0 0.470313 0.539062 0.018750 0.034375
0 0.215625 0.514062 0.021875 0.031250
0 0.522656 0.571875 0.023438 0.040625
0 0.586719 0.543750 0.017188 0.031250
0 0.371875 0.522656 0.018750 0.032813
