0 0.077344 0.721094 0.082812 0.170313
0 0.186719 0.587500 0.070312 0.134375
0 0.250000 0.574219 0.037500 0.114062
0 0.423438 0.574219 0.056250 0.095312
0 0.506250 0.671094 0.081250 0.129688
0 0.543750 0.465625 0.059375 0.084375
0 0.560937 0.575000 0.059375 0.078125
0 0.628125 0.568750 0.046875 0.109375
0 0.761719 0.481250 0.057813 0.075000
0 0.742188 0.617188 0.059375 0.134375
0 0.885938 0.681250 0.071875 0.143750
0 0.971875 0.578125 0.053125 0.109375
0 0.909375 0.490625 0.059375 0.081250
0 0.840625 0.534375 0.056250 0.078125
0 0.121875 0.515625 0.043750 0.096875
0 0.200781 0.458594 0.057813 0.064062
