0 0.080469 0.597656 0.042188 0.073438
0 0.219531 0.562500 0.032813 0.056250
0 0.173437 0.521094 0.028125 0.045312
0 0.268750 0.519531 0.021875 0.035937
0 0.321875 0.535156 0.021875 0.042188
0 0.358594 0.572656 0.032813 0.051562
0 0.411719 0.546875 0.020313 0.040625
0 0.342969 0.492969 0.014063 0.029687
0 0.378906 0.496094 0.023438 0.029687
0 0.445312 0.532813 0.018750 0.040625
0 0.459375 0.494531 0.025000 0.026562
0 0.531250 0.534375 0.018750 0.034375
0 0.576562 0.537500 0.034375 0.040625
0 0.542969 0.494531 0.020313 0.026562
0 0.612500 0.517969 0.021875 0.032813
0 0.637500 0.508594 0.012500 0.035937
0 0.498437 0.578906 0.034375 0.048438
0 0.641406 0.577344 0.042188 0.064062
0 0.765625 0.592969 0.037500 0.054688
0 0.799219 0.552344 0.026562 0.035937
0 0.686719 0.530469 0.023438 0.039062
0 0.717187 0.522656 0.021875 0.039062
0 0.960156 0.607031 0.045312 0.060937
0 0.898438 0.546875 0.034375 0.037500
0 0.945312 0.521094 0.031250 0.032813
0 0.862500 0.533594 0.028125 0.035937
0 0.993750 0.554688 0.012500 0.028125
