0 0.6959473490715027 0.017457449808716774 0.14619575440883636 0.03491489961743355
0 0.7861729264259338 0.022187652066349983 0.14619575440883636 0.044375304132699966
0 0.7237898111343384 0.1272890418767929 0.14619575440883636 0.1319269835948944
0 0.525977611541748 0.479210764169693 0.24598541855812073 0.2136782854795456
0 0.28810542821884155 0.49952322244644165 0.10308899730443954 0.07648936659097672
0 0.2126232385635376 0.49900326132774353 0.06243560463190079 0.05218685045838356
0 0.13386733829975128 0.4025496244430542 0.04736441373825073 0.040712129324674606
0 0.22629769146442413 0.3942103683948517 0.045018021017313004 0.0345604233443737
0 0.8076602816581726 0.10060857236385345 0.14619575440883636 0.1319269835948944
0 0.9654906988143921 0.08118051290512085 0.06901859492063522 0.1319269835948944
