0 0.296875 0.686719 0.046875 0.073438
0 0.343750 0.645312 0.028125 0.050000
0 0.473438 0.645312 0.034375 0.046875
0 0.605469 0.649219 0.035937 0.048438
0 0.729688 0.649219 0.031250 0.054688
0 0.823438 0.648438 0.043750 0.046875
0 0.964063 0.648438 0.034375 0.046875
0 0.228125 0.607031 0.040625 0.051562
0 0.262500 0.598437 0.025000 0.040625
0 0.364844 0.613281 0.029687 0.039062
0 0.521875 0.604688 0.028125 0.031250
0 0.610938 0.594531 0.031250 0.026562
0 0.702344 0.596875 0.026562 0.034375
0 0.773438 0.605469 0.031250 0.045312
0 0.825000 0.594531 0.034375 0.026562
0 0.917188 0.620313 0.025000 0.034375
0 0.917188 0.587500 0.025000 0.028125
0 0.306250 0.579688 0.025000 0.031250
0 0.512500 0.569531 0.025000 0.029687
0 0.434375 0.566406 0.025000 0.029687
0 0.987500 0.597656 0.025000 0.042188
0 0.578125 0.573438 0.021875 0.034375
