0 0.036719 0.673438 0.064062 0.153125
0 0.135937 0.571094 0.065625 0.117188
0 0.073438 0.467187 0.050000 0.084375
0 0.190625 0.489063 0.065625 0.075000
0 0.311719 0.621094 0.073438 0.154688
0 0.384375 0.512500 0.050000 0.096875
0 0.470313 0.498437 0.056250 0.103125
0 0.538281 0.448437 0.045312 0.100000
0 0.598437 0.607031 0.071875 0.139063
0 0.717969 0.438281 0.039062 0.073438
0 0.782031 0.591406 0.070312 0.117188
0 0.900000 0.528125 0.037500 0.093750
0 0.791406 0.477344 0.060937 0.067187
0 0.648438 0.527344 0.059375 0.089063
0 0.913281 0.442188 0.045312 0.062500
