0 0.113281 0.564063 0.039062 0.087500
0 0.239844 0.582031 0.032813 0.076563
0 0.121094 0.477344 0.035937 0.054688
0 0.350000 0.585156 0.025000 0.079687
0 0.228906 0.482031 0.020313 0.057813
0 0.253906 0.496094 0.017188 0.045312
0 0.323437 0.524219 0.021875 0.067187
0 0.303906 0.443750 0.023438 0.053125
0 0.371094 0.496875 0.017188 0.059375
0 0.455469 0.586719 0.026562 0.089063
0 0.543750 0.597656 0.028125 0.079687
0 0.671875 0.613281 0.031250 0.082812
0 0.832812 0.651563 0.031250 0.084375
0 0.955469 0.649219 0.029687 0.101562
0 0.620313 0.525000 0.018750 0.062500
0 0.440625 0.501563 0.028125 0.050000
0 0.396875 0.445312 0.015625 0.050000
0 0.350781 0.436719 0.017188 0.039062
0 0.464844 0.448437 0.020313 0.040625
0 0.500000 0.476562 0.018750 0.046875
0 0.526563 0.459375 0.018750 0.043750
0 0.542969 0.497656 0.023438 0.060937
0 0.575781 0.497656 0.020313 0.057813
0 0.595313 0.468750 0.018750 0.056250
0 0.679688 0.510938 0.021875 0.059375
0 0.742969 0.466406 0.020313 0.054688
0 0.755469 0.546875 0.023438 0.059375
0 0.839063 0.523438 0.025000 0.075000
0 0.801562 0.491406 0.025000 0.060937
0 0.632031 0.467969 0.026562 0.042188
0 0.431250 0.453906 0.018750 0.039062
