0 0.066406 0.291406 0.048438 0.101562
0 0.119531 0.282031 0.060937 0.123438
0 0.168750 0.332813 0.028125 0.075000
0 0.202344 0.306250 0.048438 0.103125
0 0.275781 0.349219 0.035937 0.089063
0 0.317969 0.307812 0.045312 0.118750
0 0.378125 0.365625 0.028125 0.068750
0 0.400781 0.324219 0.023438 0.060937
0 0.437500 0.321875 0.037500 0.100000
0 0.487500 0.320312 0.043750 0.115625
0 0.560156 0.315625 0.029687 0.093750
0 0.617969 0.335938 0.039062 0.090625
0 0.652344 0.346094 0.023438 0.095312
0 0.677344 0.350781 0.020313 0.085938
0 0.732812 0.352344 0.031250 0.089063
0 0.792188 0.342187 0.028125 0.115625
0 0.844531 0.400000 0.026562 0.078125
0 0.882031 0.380469 0.023438 0.067187
0 0.918750 0.371094 0.025000 0.079687
0 0.965625 0.369531 0.043750 0.101562
