0 0.029687 0.415625 0.025000 0.078125
0 0.060937 0.500000 0.031250 0.100000
0 0.127344 0.469531 0.026562 0.076563
0 0.155469 0.449219 0.020313 0.064062
0 0.073438 0.409375 0.015625 0.040625
0 0.221094 0.404687 0.014063 0.040625
0 0.302344 0.457813 0.020313 0.050000
0 0.236719 0.489063 0.026562 0.065625
0 0.350781 0.489844 0.026562 0.076563
0 0.292969 0.410156 0.014063 0.039062
0 0.373437 0.437500 0.025000 0.056250
0 0.469531 0.488281 0.026562 0.073438
0 0.425000 0.439063 0.015625 0.043750
0 0.553125 0.496094 0.028125 0.067187
0 0.525781 0.464062 0.020313 0.056250
0 0.599219 0.457813 0.026562 0.056250
0 0.654687 0.491406 0.021875 0.051562
0 0.689063 0.503125 0.028125 0.071875
0 0.655469 0.442188 0.023438 0.031250
0 0.725000 0.478906 0.021875 0.057813
0 0.841406 0.529687 0.029687 0.075000
0 0.924219 0.528125 0.026562 0.078125
0 0.446875 0.450000 0.015625 0.050000
0 0.101562 0.421094 0.021875 0.042188
0 0.120313 0.392969 0.021875 0.035937
