0 0.078906 0.609375 0.035937 0.103125
0 0.226562 0.706250 0.043750 0.125000
0 0.343750 0.615625 0.037500 0.087500
0 0.457031 0.588281 0.039062 0.082812
0 0.567187 0.550781 0.031250 0.082812
0 0.638281 0.537500 0.039062 0.071875
0 0.753906 0.510156 0.026562 0.067187
0 0.872656 0.499219 0.026562 0.073438
0 0.928125 0.475000 0.028125 0.075000
0 0.267188 0.567187 0.021875 0.081250
0 0.425000 0.547656 0.021875 0.064062
0 0.312500 0.592969 0.028125 0.082812
0 0.207031 0.575781 0.026562 0.048438
0 0.238281 0.514062 0.029687 0.062500
0 0.111719 0.557813 0.023438 0.056250
0 0.314844 0.502344 0.020313 0.051562
0 0.763281 0.449219 0.023438 0.048438
0 0.657813 0.475000 0.028125 0.056250
0 0.500781 0.500781 0.032813 0.076563
0 0.406250 0.509375 0.028125 0.050000
0 0.378906 0.498437 0.026562 0.059375
0 0.446094 0.477344 0.026562 0.048438
0 0.604688 0.445312 0.021875 0.050000
0 0.677344 0.444531 0.023438 0.051562
