0 0.045312 0.421875 0.025000 0.071875
0 0.188281 0.379688 0.023438 0.053125
0 0.222656 0.396875 0.026562 0.062500
0 0.301563 0.426563 0.018750 0.059375
0 0.352344 0.439063 0.017188 0.081250
0 0.392969 0.478906 0.026562 0.082812
0 0.503906 0.524219 0.032813 0.089063
0 0.631250 0.632031 0.028125 0.098437
0 0.789062 0.699219 0.040625 0.145313
0 0.841406 0.470313 0.039062 0.087500
0 0.757031 0.475000 0.026562 0.071875
0 0.648438 0.424219 0.031250 0.073438
0 0.585938 0.415625 0.025000 0.065625
0 0.433594 0.370312 0.032813 0.062500
0 0.464844 0.369531 0.017188 0.032813
0 0.359375 0.365625 0.025000 0.028125
0 0.230469 0.334375 0.029687 0.046875
0 0.312500 0.347656 0.021875 0.045312
0 0.384375 0.346094 0.025000 0.048438
0 0.331250 0.325781 0.021875 0.035937
0 0.510156 0.374219 0.020313 0.060937
0 0.564063 0.335938 0.018750 0.046875
0 0.658594 0.349219 0.023438 0.042188
0 0.402344 0.312500 0.023438 0.037500
0 0.428906 0.311719 0.014063 0.032813
0 0.453125 0.304688 0.015625 0.031250
0 0.467969 0.304688 0.017188 0.034375
0 0.512500 0.310937 0.009375 0.021875
0 0.591406 0.351562 0.020313 0.037500
0 0.720313 0.407813 0.034375 0.050000
0 0.736719 0.344531 0.023438 0.048438
0 0.819531 0.371094 0.026562 0.064062
0 0.876563 0.412500 0.028125 0.065625
0 0.634375 0.356250 0.012500 0.031250
