0 0.446094 0.517969 0.029687 0.035937
0 0.027344 0.735938 0.042188 0.146875
0 0.153906 0.647656 0.042188 0.101562
0 0.269531 0.626563 0.029687 0.090625
0 0.375000 0.589063 0.037500 0.081250
0 0.552344 0.576562 0.042188 0.075000
0 0.654687 0.578125 0.031250 0.068750
0 0.705469 0.562500 0.032813 0.075000
0 0.084375 0.584375 0.018750 0.075000
0 0.560937 0.514062 0.025000 0.050000
0 0.225781 0.537500 0.026562 0.056250
0 0.200000 0.528125 0.028125 0.053125
0 0.133594 0.521094 0.020313 0.051562
0 0.051562 0.522656 0.031250 0.057813
0 0.320312 0.542969 0.025000 0.070312
0 0.484375 0.504687 0.021875 0.056250
0 0.289062 0.536719 0.025000 0.051562
0 0.264844 0.515625 0.020313 0.046875
0 0.395313 0.543750 0.025000 0.059375
0 0.418750 0.496875 0.015625 0.053125
0 0.014063 0.593750 0.025000 0.075000
0 0.120313 0.617188 0.025000 0.084375
0 0.447656 0.590625 0.032813 0.078125
0 0.240625 0.578125 0.021875 0.078125
