0 0.897656 0.772656 0.035937 0.117188
0 0.745313 0.749219 0.031250 0.092188
0 0.573438 0.686719 0.040625 0.092188
0 0.433594 0.660156 0.042188 0.076563
0 0.337500 0.634375 0.050000 0.087500
0 0.227344 0.621094 0.039062 0.082812
0 0.121094 0.595313 0.045312 0.075000
0 0.020313 0.510156 0.037500 0.064062
0 0.015625 0.587500 0.028125 0.075000
0 0.160156 0.551562 0.029687 0.059375
0 0.121094 0.507812 0.026562 0.053125
0 0.778125 0.674219 0.031250 0.067187
0 0.881250 0.625000 0.031250 0.075000
0 0.814844 0.577344 0.026562 0.067187
0 0.713281 0.599219 0.026562 0.067187
0 0.661719 0.611719 0.035937 0.070312
0 0.567187 0.593750 0.028125 0.059375
0 0.482812 0.572656 0.034375 0.079687
0 0.374219 0.571875 0.032813 0.071875
0 0.293750 0.563281 0.028125 0.064062
0 0.225000 0.535156 0.028125 0.042188
0 0.449219 0.558594 0.026562 0.054688
0 0.632812 0.566406 0.028125 0.067187
0 0.545312 0.556250 0.018750 0.056250
0 0.418750 0.528125 0.018750 0.040625
0 0.332031 0.506250 0.029687 0.062500
0 0.293750 0.496875 0.025000 0.043750
0 0.692969 0.534375 0.023438 0.062500
0 0.596094 0.554688 0.029687 0.062500
0 0.395313 0.522656 0.021875 0.048438
0 0.198437 0.569531 0.018750 0.073438
