0 0.086719 0.475781 0.045312 0.067187
0 0.176563 0.439063 0.031250 0.056250
0 0.145313 0.539844 0.037500 0.076563
0 0.248438 0.468750 0.034375 0.062500
0 0.267188 0.392969 0.028125 0.042188
0 0.321875 0.432031 0.025000 0.054688
0 0.297656 0.528125 0.039062 0.071875
0 0.347656 0.475781 0.029687 0.067187
0 0.444531 0.522656 0.032813 0.073438
0 0.384375 0.436719 0.021875 0.051562
0 0.313281 0.373437 0.020313 0.040625
0 0.469531 0.433594 0.020313 0.051562
0 0.391406 0.375000 0.029687 0.037500
0 0.439063 0.380469 0.018750 0.039062
0 0.500781 0.446094 0.023438 0.060937
0 0.480469 0.373437 0.026562 0.040625
0 0.583594 0.511719 0.035937 0.070312
0 0.559375 0.397656 0.018750 0.054688
0 0.629687 0.421875 0.025000 0.062500
0 0.692187 0.508594 0.034375 0.070312
0 0.705469 0.417969 0.023438 0.054688
0 0.704688 0.366406 0.021875 0.045312
0 0.776563 0.417187 0.031250 0.053125
0 0.846094 0.500000 0.035937 0.071875
0 0.875000 0.432031 0.025000 0.048438
0 0.954688 0.399219 0.028125 0.054688
0 0.827344 0.357031 0.020313 0.045312
0 0.901563 0.378906 0.025000 0.048438
0 0.753906 0.385156 0.017188 0.060937
