0 0.025781 0.460938 0.039062 0.071875
0 0.188281 0.421875 0.029687 0.059375
0 0.239063 0.365625 0.025000 0.037500
0 0.242188 0.428125 0.034375 0.062500
0 0.310937 0.443750 0.028125 0.065625
0 0.330469 0.381250 0.020313 0.040625
0 0.350000 0.367188 0.018750 0.037500
0 0.366406 0.451562 0.029687 0.078125
0 0.414062 0.475781 0.021875 0.076563
0 0.408594 0.377344 0.017188 0.045312
0 0.427344 0.346094 0.020313 0.039062
0 0.456250 0.346875 0.018750 0.025000
0 0.523438 0.495312 0.037500 0.084375
0 0.670312 0.564063 0.025000 0.106250
0 0.800000 0.590625 0.028125 0.137500
0 0.769531 0.440625 0.029687 0.068750
0 0.849219 0.424219 0.026562 0.079687
0 0.674219 0.405469 0.023438 0.060937
0 0.448437 0.407813 0.018750 0.056250
0 0.487500 0.395313 0.021875 0.040625
0 0.494531 0.341406 0.020313 0.039062
0 0.477344 0.339062 0.014063 0.037500
0 0.534375 0.387500 0.025000 0.059375
0 0.603125 0.420312 0.025000 0.059375
0 0.560156 0.368750 0.017188 0.050000
0 0.744531 0.388281 0.020313 0.051562
0 0.884375 0.389062 0.028125 0.062500
0 0.832031 0.358594 0.020313 0.048438
0 0.585938 0.360156 0.018750 0.042188
