0 0.050000 0.593750 0.040625 0.084375
0 0.176563 0.695312 0.034375 0.118750
0 0.281250 0.632812 0.034375 0.078125
0 0.374219 0.624219 0.026562 0.073438
0 0.464844 0.603906 0.029687 0.064062
0 0.524219 0.601562 0.029687 0.056250
0 0.608594 0.599219 0.026562 0.060937
0 0.706250 0.596875 0.028125 0.059375
0 0.757031 0.589063 0.014063 0.059375
0 0.250781 0.596875 0.023438 0.068750
0 0.187500 0.532813 0.028125 0.062500
0 0.210938 0.590625 0.018750 0.056250
0 0.260156 0.532031 0.026562 0.042188
0 0.315625 0.535937 0.015625 0.046875
0 0.630469 0.543750 0.023438 0.050000
0 0.535156 0.542188 0.023438 0.046875
0 0.564844 0.528125 0.017188 0.037500
0 0.489063 0.549219 0.012500 0.042188
0 0.478906 0.557813 0.010937 0.043750
0 0.397656 0.543750 0.014063 0.056250
0 0.371875 0.536719 0.015625 0.045312
0 0.077344 0.547656 0.020313 0.054688
0 0.427344 0.550000 0.023438 0.065625
0 0.337500 0.549219 0.018750 0.048438
0 0.508594 0.519531 0.017188 0.042188
0 0.572656 0.575000 0.017188 0.046875
0 0.350781 0.592187 0.020313 0.065625
