0 0.160938 0.447656 0.034375 0.070312
0 0.220312 0.385156 0.034375 0.035937
0 0.216406 0.456250 0.029687 0.065625
0 0.286719 0.467969 0.029687 0.076563
0 0.314844 0.402344 0.026562 0.042188
0 0.339062 0.379688 0.018750 0.040625
0 0.393750 0.390625 0.015625 0.046875
0 0.417969 0.361719 0.020313 0.045312
0 0.446875 0.362500 0.021875 0.028125
0 0.483594 0.354687 0.023438 0.040625
0 0.353125 0.474219 0.031250 0.089063
0 0.393750 0.500781 0.028125 0.085938
0 0.475781 0.409375 0.026562 0.043750
0 0.507031 0.517969 0.035937 0.095312
0 0.621094 0.580469 0.032813 0.107813
0 0.782031 0.591406 0.035937 0.132812
0 0.589844 0.424219 0.023438 0.064062
0 0.661719 0.418750 0.026562 0.075000
0 0.750781 0.457031 0.026562 0.073438
0 0.831250 0.421094 0.031250 0.079687
0 0.721875 0.391406 0.015625 0.048438
0 0.864062 0.382812 0.034375 0.059375
0 0.810937 0.353125 0.021875 0.050000
0 0.523438 0.398438 0.025000 0.062500
0 0.547656 0.379688 0.020313 0.050000
0 0.017188 0.494531 0.031250 0.104688
