0 0.094531 0.684375 0.045312 0.103125
0 0.142187 0.785937 0.043750 0.115625
0 0.189062 0.644531 0.028125 0.082812
0 0.268750 0.673438 0.025000 0.081250
0 0.300781 0.766406 0.032813 0.095312
0 0.295312 0.585938 0.031250 0.068750
0 0.337500 0.657813 0.021875 0.075000
0 0.421875 0.676562 0.021875 0.062500
0 0.457031 0.762500 0.039062 0.103125
0 0.502344 0.641406 0.029687 0.073438
0 0.342187 0.569531 0.028125 0.045312
0 0.428906 0.563281 0.026562 0.064062
0 0.477344 0.573438 0.023438 0.062500
0 0.522656 0.557813 0.023438 0.056250
0 0.553906 0.640625 0.029687 0.087500
0 0.598437 0.592969 0.025000 0.067187
0 0.600781 0.742188 0.032813 0.112500
0 0.713281 0.746875 0.039062 0.100000
0 0.625781 0.560937 0.026562 0.065625
0 0.662500 0.628125 0.025000 0.093750
0 0.694531 0.630469 0.017188 0.070312
0 0.707812 0.554688 0.021875 0.053125
0 0.753125 0.620313 0.028125 0.078125
0 0.778906 0.562500 0.026562 0.075000
0 0.842187 0.620313 0.025000 0.081250
0 0.889062 0.744531 0.034375 0.098437
0 0.953125 0.654687 0.028125 0.084375
0 0.912500 0.539844 0.025000 0.076563
0 0.802344 0.539062 0.017188 0.084375
