0 0.063281 0.504687 0.039062 0.087500
0 0.082812 0.419531 0.028125 0.057813
0 0.114062 0.464062 0.025000 0.078125
0 0.167969 0.532031 0.026562 0.076563
0 0.146875 0.485938 0.021875 0.078125
0 0.181250 0.449219 0.021875 0.039062
0 0.182031 0.410156 0.023438 0.039062
0 0.248438 0.483594 0.031250 0.057813
0 0.278125 0.546094 0.037500 0.092188
0 0.323437 0.492188 0.031250 0.071875
0 0.371875 0.580469 0.037500 0.082812
0 0.251563 0.415625 0.021875 0.037500
0 0.285938 0.435937 0.025000 0.059375
0 0.347656 0.450781 0.017188 0.051562
0 0.369531 0.452344 0.023438 0.051562
0 0.393750 0.487500 0.021875 0.062500
0 0.428125 0.502344 0.025000 0.079687
0 0.505469 0.614062 0.035937 0.090625
0 0.485156 0.498437 0.020313 0.065625
0 0.521875 0.528125 0.028125 0.062500
0 0.594531 0.542188 0.026562 0.068750
0 0.646875 0.535937 0.025000 0.056250
0 0.571094 0.498437 0.017188 0.062500
0 0.667188 0.694531 0.043750 0.085938
0 0.628906 0.469531 0.023438 0.054688
0 0.707812 0.604688 0.034375 0.071875
0 0.741406 0.522656 0.026562 0.067187
0 0.798438 0.566406 0.028125 0.073438
0 0.814844 0.706250 0.035937 0.106250
