0 0.089063 0.525000 0.037500 0.087500
0 0.261719 0.499219 0.023438 0.067187
0 0.240625 0.464844 0.018750 0.057813
0 0.368750 0.500781 0.028125 0.073438
0 0.416406 0.531250 0.042188 0.087500
0 0.467187 0.546094 0.031250 0.085938
0 0.571875 0.583594 0.031250 0.101562
0 0.695312 0.677344 0.021875 0.095312
0 0.825000 0.725000 0.040625 0.143750
0 0.874219 0.496875 0.029687 0.084375
0 0.797656 0.499219 0.023438 0.070312
0 0.700000 0.461719 0.037500 0.079687
0 0.641406 0.458594 0.032813 0.060937
0 0.568750 0.426563 0.028125 0.068750
0 0.491406 0.426563 0.023438 0.071875
0 0.419531 0.435156 0.026562 0.051562
0 0.367969 0.411719 0.017188 0.048438
0 0.281250 0.406250 0.031250 0.059375
0 0.443750 0.400781 0.021875 0.048438
0 0.528906 0.418750 0.020313 0.040625
0 0.769531 0.446094 0.029687 0.045312
0 0.851562 0.394531 0.021875 0.054688
0 0.900781 0.433594 0.026562 0.070312
0 0.619531 0.376563 0.020313 0.046875
0 0.459375 0.369531 0.021875 0.045312
0 0.487500 0.363281 0.021875 0.039062
0 0.509375 0.346875 0.018750 0.028125
0 0.388281 0.389062 0.020313 0.056250
0 0.707031 0.385156 0.020313 0.039062
0 0.684375 0.400000 0.015625 0.050000
0 0.772656 0.381250 0.020313 0.046875
0 0.571875 0.357031 0.012500 0.032813
