0 0.039062 0.209375 0.040625 0.090625
0 0.114844 0.235937 0.039062 0.087500
0 0.162500 0.255469 0.037500 0.101562
0 0.204687 0.264062 0.028125 0.078125
0 0.240625 0.267188 0.034375 0.096875
0 0.293750 0.271094 0.021875 0.079687
0 0.343750 0.287500 0.040625 0.106250
0 0.391406 0.291406 0.023438 0.070312
0 0.446094 0.270313 0.029687 0.078125
0 0.415625 0.258594 0.021875 0.067187
0 0.494531 0.297656 0.039062 0.107813
0 0.557813 0.274219 0.031250 0.085938
0 0.613281 0.315625 0.035937 0.084375
0 0.649219 0.299219 0.023438 0.076563
0 0.674219 0.282031 0.017188 0.076563
0 0.724219 0.300000 0.029687 0.078125
0 0.767969 0.326562 0.039062 0.096875
0 0.800000 0.295312 0.015625 0.065625
0 0.830469 0.343750 0.023438 0.071875
0 0.869531 0.311719 0.023438 0.073438
0 0.898438 0.314063 0.028125 0.071875
0 0.939063 0.355469 0.031250 0.092188
