0 0.024219 0.778906 0.035937 0.114062
0 0.150781 0.720313 0.042188 0.078125
0 0.268750 0.704688 0.031250 0.068750
0 0.373437 0.688281 0.025000 0.067187
0 0.438281 0.680469 0.032813 0.054688
0 0.522656 0.676562 0.026562 0.053125
0 0.625000 0.683594 0.021875 0.042188
0 0.661719 0.664844 0.026562 0.051562
0 0.032813 0.610938 0.031250 0.059375
0 0.073438 0.670312 0.025000 0.065625
0 0.107813 0.684375 0.028125 0.075000
0 0.241406 0.667188 0.017188 0.062500
0 0.126562 0.614062 0.021875 0.043750
0 0.162500 0.646875 0.025000 0.021875
0 0.201563 0.615625 0.015625 0.046875
0 0.221094 0.633594 0.026562 0.042188
0 0.546094 0.626563 0.020313 0.050000
0 0.450000 0.630469 0.021875 0.042188
0 0.296094 0.632031 0.026562 0.045312
0 0.267969 0.617188 0.020313 0.043750
0 0.417187 0.600781 0.015625 0.032813
0 0.478906 0.610156 0.023438 0.035937
0 0.489844 0.658594 0.017188 0.039062
0 0.335156 0.639062 0.026562 0.059375
0 0.351562 0.613281 0.012500 0.045312
0 0.397656 0.626563 0.017188 0.031250
0 0.385156 0.628125 0.010937 0.028125
