0 0.107031 0.527344 0.029687 0.085938
0 0.217969 0.514844 0.032813 0.076563
0 0.250000 0.482031 0.031250 0.067187
0 0.303125 0.502344 0.028125 0.082812
0 0.339062 0.499219 0.018750 0.060937
0 0.366406 0.484375 0.017188 0.065625
0 0.388281 0.494531 0.026562 0.089063
0 0.435156 0.498437 0.020313 0.062500
0 0.469531 0.464844 0.026562 0.092188
0 0.547656 0.461719 0.032813 0.076563
0 0.623437 0.417969 0.028125 0.067187
0 0.607812 0.456250 0.018750 0.050000
0 0.667969 0.439844 0.039062 0.095312
0 0.710938 0.430469 0.025000 0.073438
0 0.753906 0.439063 0.020313 0.062500
0 0.789062 0.399219 0.021875 0.082812
0 0.819531 0.418750 0.029687 0.103125
0 0.903125 0.439844 0.031250 0.082812
0 0.958594 0.389062 0.023438 0.084375
0 0.985938 0.389844 0.028125 0.126562
