0 0.017969 0.613281 0.029687 0.095312
0 0.057813 0.674219 0.043750 0.101562
0 0.102344 0.600000 0.035937 0.075000
0 0.178906 0.617188 0.029687 0.081250
0 0.214062 0.674219 0.037500 0.085938
0 0.210156 0.558594 0.026562 0.057813
0 0.272656 0.640625 0.029687 0.081250
0 0.328125 0.617969 0.021875 0.076563
0 0.359375 0.671875 0.037500 0.100000
0 0.382031 0.577344 0.020313 0.057813
0 0.409375 0.610938 0.025000 0.068750
0 0.424219 0.548438 0.023438 0.046875
0 0.450781 0.600000 0.026562 0.075000
0 0.484375 0.719531 0.034375 0.082812
0 0.500781 0.584375 0.020313 0.062500
0 0.525781 0.561719 0.017188 0.054688
0 0.556250 0.596094 0.028125 0.082812
0 0.600000 0.667188 0.037500 0.081250
0 0.639062 0.600000 0.028125 0.068750
0 0.664062 0.567187 0.021875 0.068750
0 0.718750 0.595313 0.031250 0.081250
0 0.760938 0.667969 0.031250 0.089063
0 0.789844 0.560156 0.026562 0.060937
0 0.822656 0.628125 0.026562 0.071875
0 0.867188 0.584375 0.028125 0.071875
0 0.928906 0.688281 0.035937 0.089063
0 0.686719 0.565625 0.014063 0.071875
0 0.607031 0.566406 0.026562 0.048438
0 0.336719 0.545312 0.029687 0.056250
0 0.246875 0.612500 0.021875 0.078125
