0 0.108594 0.443750 0.035937 0.065625
0 0.130469 0.396094 0.029687 0.060937
0 0.228125 0.453906 0.034375 0.064062
0 0.260937 0.416406 0.025000 0.054688
0 0.310156 0.433594 0.020313 0.057813
0 0.339062 0.460156 0.028125 0.067187
0 0.235937 0.385937 0.018750 0.034375
0 0.319531 0.367969 0.017188 0.026562
0 0.389062 0.411719 0.021875 0.045312
0 0.439844 0.454688 0.035937 0.075000
0 0.532813 0.462500 0.031250 0.065625
0 0.678125 0.472656 0.025000 0.073438
0 0.640625 0.414844 0.021875 0.054688
0 0.375000 0.368750 0.018750 0.028125
0 0.414844 0.369531 0.014063 0.039062
0 0.465625 0.411719 0.028125 0.051562
0 0.489844 0.370312 0.020313 0.040625
0 0.521875 0.389062 0.018750 0.043750
0 0.724219 0.407031 0.023438 0.060937
0 0.753125 0.401562 0.018750 0.050000
0 0.859375 0.499219 0.037500 0.079687
0 0.813281 0.451562 0.029687 0.056250
0 0.910156 0.410938 0.026562 0.059375
0 0.604688 0.392969 0.018750 0.051562
0 0.821094 0.376563 0.023438 0.046875
0 0.883594 0.389844 0.023438 0.054688
0 0.555469 0.399219 0.029687 0.054688
0 0.673438 0.381250 0.025000 0.056250
0 0.401562 0.375000 0.015625 0.025000
0 0.987500 0.489063 0.025000 0.100000
