0 0.124219 0.616406 0.035937 0.089063
0 0.130469 0.528125 0.032813 0.053125
0 0.229687 0.524219 0.025000 0.054688
0 0.247656 0.635156 0.026562 0.079687
0 0.260937 0.539062 0.018750 0.050000
0 0.306250 0.487500 0.025000 0.053125
0 0.351562 0.475781 0.018750 0.042188
0 0.314063 0.575781 0.021875 0.079687
0 0.395313 0.485156 0.025000 0.045312
0 0.352344 0.640625 0.029687 0.081250
0 0.454688 0.634375 0.034375 0.090625
0 0.372656 0.541406 0.017188 0.060937
0 0.458594 0.489844 0.026562 0.045312
0 0.489844 0.524219 0.023438 0.057813
0 0.539844 0.647656 0.029687 0.085938
0 0.517188 0.500000 0.018750 0.046875
0 0.537500 0.543750 0.018750 0.078125
0 0.677344 0.665625 0.032813 0.090625
0 0.618750 0.569531 0.018750 0.070312
0 0.569531 0.527344 0.017188 0.064062
0 0.590625 0.508594 0.018750 0.051562
0 0.628906 0.503906 0.017188 0.051562
0 0.739062 0.506250 0.021875 0.056250
0 0.760938 0.596094 0.021875 0.067187
0 0.839063 0.709375 0.034375 0.090625
0 0.953125 0.700781 0.034375 0.107813
0 0.832812 0.564844 0.031250 0.067187
0 0.796875 0.528906 0.021875 0.054688
0 0.672656 0.568750 0.026562 0.068750
0 0.694531 0.529687 0.020313 0.043750
