0 0.060156 0.279687 0.039062 0.096875
0 0.103125 0.307812 0.037500 0.090625
0 0.146094 0.302344 0.026562 0.067187
0 0.201563 0.311719 0.031250 0.067187
0 0.238281 0.326562 0.032813 0.090625
0 0.264844 0.331250 0.023438 0.059375
0 0.290625 0.326562 0.025000 0.071875
0 0.321094 0.333594 0.020313 0.070312
0 0.339844 0.292187 0.020313 0.056250
0 0.365625 0.342969 0.025000 0.095312
0 0.402344 0.340625 0.023438 0.062500
0 0.435156 0.319531 0.026562 0.070312
0 0.412500 0.296094 0.018750 0.045312
0 0.482031 0.338281 0.029687 0.095312
0 0.510938 0.321094 0.012500 0.067187
0 0.533594 0.317188 0.023438 0.078125
0 0.551562 0.322656 0.015625 0.070312
0 0.576562 0.342969 0.031250 0.089063
0 0.605469 0.334375 0.020313 0.075000
0 0.667188 0.328125 0.021875 0.075000
0 0.706250 0.347656 0.037500 0.092188
0 0.756250 0.364844 0.025000 0.073438
0 0.786719 0.339844 0.020313 0.060937
0 0.825000 0.325781 0.025000 0.073438
0 0.858594 0.362500 0.035937 0.087500
0 0.950000 0.363281 0.028125 0.110937
