0 0.806250 0.810156 0.034375 0.120313
0 0.657813 0.799219 0.034375 0.101562
0 0.481250 0.734375 0.031250 0.112500
0 0.307812 0.725000 0.040625 0.106250
0 0.189062 0.692969 0.040625 0.123438
0 0.046875 0.679688 0.046875 0.118750
0 0.017969 0.631250 0.029687 0.096875
0 0.142969 0.601562 0.026562 0.081250
0 0.083594 0.553906 0.026562 0.045312
0 0.055469 0.583594 0.042188 0.051562
0 0.242969 0.617188 0.042188 0.093750
0 0.335938 0.603125 0.031250 0.071875
0 0.305469 0.582031 0.029687 0.057813
0 0.274219 0.560937 0.026562 0.065625
0 0.153125 0.525000 0.031250 0.050000
0 0.197656 0.542969 0.029687 0.070312
0 0.380469 0.621875 0.039062 0.096875
0 0.464844 0.642969 0.029687 0.067187
0 0.574219 0.657813 0.029687 0.084375
0 0.620313 0.644531 0.021875 0.057813
0 0.712500 0.617969 0.018750 0.067187
0 0.538281 0.612500 0.026562 0.081250
0 0.775781 0.662500 0.023438 0.075000
0 0.441406 0.650781 0.014063 0.064062
0 0.622656 0.560937 0.023438 0.043750
