0 0.032031 0.469531 0.032813 0.064062
0 0.041406 0.593750 0.032813 0.118750
0 0.083594 0.457813 0.020313 0.056250
0 0.135156 0.435156 0.017188 0.051562
0 0.117188 0.442188 0.015625 0.037500
0 0.174219 0.475000 0.020313 0.056250
0 0.138281 0.526563 0.035937 0.078125
0 0.250000 0.531250 0.028125 0.084375
0 0.371875 0.518750 0.028125 0.071875
0 0.328906 0.468750 0.020313 0.046875
0 0.159375 0.418750 0.015625 0.034375
0 0.247656 0.417187 0.014063 0.053125
0 0.281250 0.435156 0.015625 0.045312
0 0.321875 0.413281 0.018750 0.039062
0 0.488281 0.502344 0.023438 0.073438
0 0.569531 0.504687 0.026562 0.065625
0 0.699219 0.503125 0.020313 0.065625
0 0.448437 0.428125 0.018750 0.040625
0 0.607812 0.440625 0.025000 0.056250
0 0.832031 0.506250 0.032813 0.068750
0 0.903906 0.496875 0.023438 0.071875
0 0.736719 0.442188 0.023438 0.059375
0 0.544531 0.457031 0.020313 0.054688
0 0.520312 0.417969 0.018750 0.051562
0 0.667188 0.467187 0.015625 0.050000
0 0.673438 0.416406 0.018750 0.042188
0 0.571094 0.435156 0.023438 0.051562
