0 0.161719 0.492188 0.026562 0.062500
0 0.230469 0.492188 0.023438 0.056250
0 0.206250 0.446094 0.025000 0.048438
0 0.286719 0.524219 0.023438 0.067187
0 0.303125 0.452344 0.025000 0.035937
0 0.322656 0.435937 0.023438 0.043750
0 0.344531 0.525781 0.026562 0.073438
0 0.388281 0.550781 0.026562 0.079687
0 0.380469 0.445312 0.017188 0.040625
0 0.402344 0.407031 0.017188 0.039062
0 0.421094 0.482031 0.029687 0.054688
0 0.432812 0.416406 0.018750 0.029687
0 0.489063 0.585938 0.031250 0.078125
0 0.464062 0.457813 0.021875 0.040625
0 0.507812 0.456250 0.025000 0.068750
0 0.604688 0.646875 0.018750 0.093750
0 0.560156 0.420312 0.014063 0.040625
0 0.638281 0.480469 0.026562 0.067187
0 0.716406 0.692187 0.029687 0.125000
0 0.733594 0.521094 0.017188 0.060937
0 0.574219 0.492188 0.020313 0.062500
0 0.798438 0.506250 0.025000 0.071875
0 0.837500 0.458594 0.025000 0.060937
0 0.704688 0.452344 0.025000 0.048438
0 0.793750 0.425781 0.018750 0.045312
0 0.466406 0.406250 0.017188 0.034375
0 0.529687 0.434375 0.018750 0.053125
