0 0.112500 0.490625 0.034375 0.071875
0 0.145313 0.439063 0.031250 0.065625
0 0.209375 0.510938 0.034375 0.062500
0 0.298438 0.527344 0.021875 0.076563
0 0.268750 0.458594 0.021875 0.048438
0 0.392188 0.532813 0.021875 0.087500
0 0.474219 0.548438 0.026562 0.075000
0 0.348438 0.453125 0.021875 0.050000
0 0.357812 0.400781 0.015625 0.039062
0 0.393750 0.443750 0.018750 0.034375
0 0.430469 0.478906 0.020313 0.060937
0 0.404687 0.399219 0.018750 0.032813
0 0.437500 0.400781 0.018750 0.042188
0 0.505469 0.407813 0.017188 0.040625
0 0.485156 0.415625 0.017188 0.043750
0 0.628906 0.588281 0.029687 0.085938
0 0.726562 0.481250 0.025000 0.068750
0 0.638281 0.473438 0.026562 0.053125
0 0.828125 0.669531 0.034375 0.098437
0 0.542969 0.460938 0.020313 0.062500
0 0.575781 0.423438 0.017188 0.043750
0 0.525781 0.433594 0.010937 0.048438
0 0.658594 0.427344 0.023438 0.045312
0 0.610156 0.450781 0.023438 0.057813
0 0.692187 0.438281 0.021875 0.060937
0 0.838281 0.525781 0.032813 0.064062
0 0.768750 0.463281 0.018750 0.051562
0 0.752344 0.419531 0.017188 0.042188
0 0.860156 0.432812 0.020313 0.059375
0 0.930469 0.460156 0.023438 0.064062
0 0.949219 0.499219 0.026562 0.073438
