0 0.021875 0.545312 0.037500 0.100000
0 0.146094 0.559375 0.039062 0.090625
0 0.198437 0.474219 0.037500 0.092188
0 0.253125 0.563281 0.043750 0.095312
0 0.345313 0.585938 0.043750 0.087500
0 0.432812 0.593750 0.040625 0.100000
0 0.302344 0.471094 0.026562 0.064062
0 0.331250 0.492188 0.025000 0.050000
0 0.370312 0.514062 0.025000 0.053125
0 0.417969 0.483594 0.026562 0.051562
0 0.433594 0.430469 0.023438 0.051562
0 0.475781 0.433594 0.023438 0.045312
0 0.482031 0.501563 0.020313 0.071875
0 0.519531 0.510938 0.029687 0.071875
0 0.517969 0.615625 0.039062 0.087500
0 0.638281 0.650000 0.035937 0.100000
0 0.609375 0.432812 0.025000 0.046875
0 0.618750 0.500781 0.031250 0.079687
0 0.696094 0.519531 0.023438 0.076563
0 0.663281 0.453125 0.020313 0.059375
0 0.592187 0.492188 0.021875 0.068750
0 0.714844 0.462500 0.020313 0.056250
0 0.746094 0.470313 0.017188 0.065625
0 0.773438 0.522656 0.028125 0.089063
0 0.855469 0.412500 0.023438 0.056250
0 0.774219 0.707812 0.039062 0.118750
0 0.932031 0.712500 0.026562 0.125000
0 0.847656 0.500000 0.026562 0.065625
0 0.941406 0.471094 0.023438 0.067187
0 0.989062 0.515625 0.021875 0.087500
0 0.878906 0.580469 0.026562 0.079687
0 0.509375 0.419531 0.018750 0.051562
0 0.532031 0.431250 0.020313 0.059375
