0 0.096094 0.338281 0.039062 0.073438
0 0.167187 0.360156 0.040625 0.092188
0 0.209375 0.353125 0.031250 0.068750
0 0.240625 0.355469 0.021875 0.067187
0 0.293750 0.345313 0.021875 0.050000
0 0.328906 0.371875 0.035937 0.081250
0 0.353125 0.332813 0.015625 0.043750
0 0.250781 0.309375 0.026562 0.040625
0 0.396875 0.351562 0.028125 0.068750
0 0.432812 0.340625 0.021875 0.062500
0 0.478906 0.373437 0.042188 0.093750
0 0.513281 0.347656 0.026562 0.073438
0 0.594531 0.385156 0.035937 0.085938
0 0.642188 0.371875 0.018750 0.053125
0 0.665625 0.363281 0.031250 0.054688
0 0.706250 0.354687 0.021875 0.053125
0 0.753125 0.389844 0.031250 0.085938
0 0.785937 0.370312 0.021875 0.053125
0 0.842187 0.375781 0.028125 0.064062
0 0.926562 0.406250 0.037500 0.075000
0 0.022656 0.327344 0.020313 0.067187
