0 0.100000 0.436719 0.037500 0.067187
0 0.146094 0.382031 0.029687 0.064062
0 0.217969 0.435156 0.029687 0.067187
0 0.314844 0.437500 0.026562 0.071875
0 0.282031 0.392969 0.023438 0.051562
0 0.415625 0.435156 0.031250 0.089063
0 0.503906 0.440625 0.032813 0.065625
0 0.366406 0.390625 0.026562 0.046875
0 0.372656 0.346875 0.017188 0.031250
0 0.658594 0.452344 0.035937 0.082812
0 0.859375 0.485156 0.031250 0.098437
0 0.755469 0.375000 0.023438 0.068750
0 0.577344 0.372656 0.023438 0.073438
0 0.603125 0.354687 0.021875 0.046875
0 0.553906 0.364844 0.017188 0.042188
0 0.532031 0.346875 0.017188 0.037500
0 0.460938 0.336719 0.021875 0.029687
0 0.514844 0.350781 0.010937 0.042188
0 0.639844 0.364063 0.014063 0.050000
0 0.781250 0.355469 0.018750 0.060937
0 0.804688 0.371875 0.021875 0.053125
0 0.879687 0.350000 0.018750 0.056250
0 0.953125 0.360938 0.025000 0.056250
0 0.987500 0.381250 0.025000 0.071875
0 0.687500 0.362500 0.018750 0.046875
0 0.711719 0.359375 0.026562 0.053125
0 0.858594 0.392969 0.023438 0.039062
0 0.435937 0.346094 0.018750 0.035937
0 0.392969 0.364844 0.014063 0.035937
