0 0.077344 0.478906 0.032813 0.104688
0 0.046875 0.399219 0.028125 0.073438
0 0.089844 0.383594 0.020313 0.042188
0 0.110937 0.400781 0.018750 0.032813
0 0.137500 0.446094 0.028125 0.079687
0 0.169531 0.421875 0.026562 0.059375
0 0.195312 0.424219 0.012500 0.054688
0 0.261719 0.451562 0.026562 0.071875
0 0.327344 0.435156 0.020313 0.051562
0 0.316406 0.386719 0.017188 0.035937
0 0.374219 0.465625 0.026562 0.071875
0 0.397656 0.415625 0.017188 0.053125
0 0.242969 0.379688 0.017188 0.046875
0 0.442188 0.413281 0.018750 0.045312
0 0.461719 0.427344 0.014063 0.048438
0 0.479687 0.421094 0.012500 0.045312
0 0.498437 0.460156 0.028125 0.070312
0 0.545312 0.434375 0.021875 0.050000
0 0.578125 0.471094 0.031250 0.057813
0 0.522656 0.410938 0.017188 0.043750
0 0.677344 0.465625 0.020313 0.050000
0 0.712500 0.475000 0.028125 0.065625
0 0.677344 0.414062 0.023438 0.037500
0 0.764844 0.441406 0.026562 0.057813
0 0.853906 0.496875 0.035937 0.062500
0 0.934375 0.494531 0.028125 0.070312
0 0.567969 0.414062 0.017188 0.034375
0 0.600781 0.424219 0.023438 0.045312
