0 0.127344 0.563281 0.032813 0.085938
0 0.247656 0.577344 0.032813 0.082812
0 0.354687 0.586719 0.025000 0.079687
0 0.136719 0.478906 0.026562 0.057813
0 0.239063 0.480469 0.018750 0.048438
0 0.264844 0.489844 0.026562 0.042188
0 0.311719 0.452344 0.023438 0.048438
0 0.356250 0.438281 0.025000 0.039062
0 0.325781 0.522656 0.026562 0.060937
0 0.374219 0.500781 0.017188 0.060937
0 0.400781 0.446094 0.017188 0.045312
0 0.454688 0.581250 0.034375 0.090625
0 0.465625 0.451562 0.018750 0.037500
0 0.542969 0.598437 0.029687 0.075000
0 0.500781 0.483594 0.017188 0.048438
0 0.432031 0.457031 0.014063 0.045312
0 0.525781 0.462500 0.017188 0.043750
0 0.542969 0.500000 0.017188 0.065625
0 0.669531 0.616406 0.026562 0.085938
0 0.828125 0.659375 0.028125 0.084375
0 0.752344 0.550781 0.023438 0.057813
0 0.953125 0.659375 0.031250 0.109375
0 0.832031 0.525781 0.029687 0.070312
0 0.676562 0.515625 0.021875 0.062500
0 0.619531 0.525781 0.017188 0.054688
0 0.571875 0.495312 0.025000 0.062500
0 0.592969 0.471875 0.014063 0.046875
0 0.738281 0.471875 0.026562 0.043750
0 0.796094 0.498437 0.020313 0.050000
0 0.626563 0.471875 0.021875 0.043750
