0 0.025000 0.696875 0.046875 0.100000
0 0.077344 0.592187 0.032813 0.075000
0 0.156250 0.626563 0.028125 0.065625
0 0.182812 0.706250 0.050000 0.087500
0 0.193750 0.551562 0.031250 0.065625
0 0.241406 0.542969 0.023438 0.051562
0 0.228125 0.619531 0.028125 0.064062
0 0.255469 0.662500 0.026562 0.081250
0 0.317969 0.641406 0.026562 0.060937
0 0.336719 0.555469 0.029687 0.060937
0 0.343750 0.724219 0.034375 0.092188
0 0.410156 0.635156 0.029687 0.064062
0 0.458594 0.637500 0.032813 0.081250
0 0.386719 0.568750 0.023438 0.050000
0 0.437500 0.561719 0.021875 0.054688
0 0.496875 0.728906 0.031250 0.095312
0 0.517188 0.610938 0.028125 0.065625
0 0.550781 0.578906 0.026562 0.067187
0 0.580469 0.647656 0.023438 0.079687
0 0.614062 0.647656 0.025000 0.057813
0 0.637500 0.579688 0.028125 0.046875
0 0.677344 0.650000 0.029687 0.075000
0 0.712500 0.607031 0.021875 0.073438
0 0.771094 0.661719 0.029687 0.085938
0 0.867188 0.601562 0.025000 0.062500
0 0.895312 0.707031 0.037500 0.073438
0 0.742969 0.590625 0.020313 0.065625
0 0.964063 0.641406 0.034375 0.064062
0 0.612500 0.748437 0.037500 0.093750
0 0.801562 0.774219 0.034375 0.101562
0 0.987500 0.827344 0.025000 0.101562
